-424869;0;0.4450;0.1667;-0.0000;0.8901
-423106;0;0.4430;0.1702;-0.0000;0.8859
-422748;0;0.4416;0.1709;-0.0000;0.8831
-421544;0;0.4408;0.1732;-0.0000;0.8817
-421229;0;0.4388;0.1739;-0.0000;0.8775
-419199;0;0.4372;0.1778;-0.0000;0.8744
-419001;0;0.4364;0.1782;-0.0000;0.8729
-418042;0;0.4355;0.1801;-0.0000;0.8709
-417939;0;0.4326;0.1803;-0.0000;0.8652
-417629;0;0.4320;0.1809;-0.0000;0.8641
-417115;0;0.4318;0.1819;-0.0000;0.8637
-416264;0;0.4298;0.1836;-0.0000;0.8595
-416169;0;0.4297;0.1838;-0.0000;0.8593
-415507;0;0.4279;0.1851;-0.0000;0.8558
-415263;0;0.4278;0.1856;-0.0000;0.8556
-415040;0;0.4276;0.1860;-0.0000;0.8552
-414109;0;0.4254;0.1878;-0.0000;0.8508
-413365;0;0.4248;0.1893;-0.0000;0.8495
-413088;0;0.4247;0.1898;-0.0000;0.8493
-412972;0;0.4246;0.1901;-0.0000;0.8491
-411285;0;0.4228;0.1934;-0.0000;0.8457
-410935;0;0.4203;0.1941;-0.0000;0.8406
-409952;0;0.4194;0.1960;-0.0000;0.8389
-409208;0;0.4176;0.1974;-0.0000;0.8352
-409029;0;0.4174;0.1978;-0.0000;0.8348
-408735;0;0.4170;0.1984;-0.0000;0.8340
-408230;0;0.4168;0.1994;-0.0000;0.8336
-407150;0;0.4143;0.2015;-0.0000;0.8286
-405482;0;0.4141;0.2047;-0.0000;0.8282
-405199;0;0.4141;0.2053;-0.0000;0.8282
-405124;0;0.4113;0.2054;-0.0000;0.8227
-405105;0;0.4100;0.2055;-0.0000;0.8200
-404625;0;0.4097;0.2064;-0.0000;0.8194
-404372;0;0.4095;0.2069;-0.0000;0.8190
-403608;0;0.4085;0.2084;-0.0000;0.8171
-403200;0;0.4071;0.2092;-0.0000;0.8142
-402145;0;0.4059;0.2113;-0.0000;0.8117
-401929;0;0.4057;0.2117;-0.0000;0.8113
-400809;0;0.4036;0.2139;-0.0000;0.8072
-400329;0;0.4036;0.2149;-0.0000;0.8072
-400266;0;0.4021;0.2150;-0.0000;0.8042
-399187;0;0.4006;0.2171;-0.0000;0.8012
-398941;0;0.3994;0.2176;-0.0000;0.7988
-398242;0;0.3991;0.2189;-0.0000;0.7981
-397043;0;0.3982;0.2213;-0.0000;0.7964
-396945;0;0.3973;0.2215;-0.0000;0.7946
-396917;0;0.3963;0.2215;-0.0000;0.7926
-396352;0;0.3955;0.2227;-0.0000;0.7911
-396088;0;0.3951;0.2232;-0.0000;0.7901
-394323;0;0.3935;0.2266;-0.0000;0.7870
-394092;0;0.3928;0.2271;-0.0000;0.7856
-394064;0;0.3919;0.2271;-0.0000;0.7838
-392996;0;0.3915;0.2292;-0.0000;0.7829
-392531;0;0.3905;0.2301;-0.0000;0.7811
-392188;0;0.3903;0.2308;-0.0000;0.7806
-391444;0;0.3903;0.2323;-0.0000;0.7806
-390583;0;0.3877;0.2340;-0.0000;0.7754
-390144;0;0.3871;0.2348;-0.0000;0.7741
-388778;0;0.3832;0.2375;-0.0000;0.7665
-386755;0;0.3797;0.2415;-0.0000;0.7593
-385310;0;0.3788;0.2443;-0.0000;0.7575
-384891;0;0.3787;0.2451;-0.0000;0.7575
-384650;0;0.3780;0.2456;-0.0000;0.7561
-383382;0;0.3759;0.2481;-0.0000;0.7518
-382825;0;0.3749;0.2492;-0.0000;0.7499
-381338;0;0.3723;0.2521;-0.0000;0.7446
-380023;0;0.3718;0.2547;-0.0000;0.7435
-379512;0;0.3713;0.2557;-0.0000;0.7426
-378238;0;0.3696;0.2582;-0.0000;0.7392
-376679;0;0.3672;0.2612;-0.0000;0.7343
-375487;0;0.3641;0.2636;-0.0000;0.7283
-374338;0;0.3623;0.2658;-0.0000;0.7247
-372557;0;0.3621;0.2693;-0.0000;0.7242
-372180;0;0.3586;0.2701;-0.0000;0.7172
-369865;0;0.3560;0.2746;-0.0000;0.7121
-368197;0;0.3547;0.2779;-0.0000;0.7095
-366722;0;0.3520;0.2808;-0.0000;0.7040
-366699;0;0.3520;0.2808;-0.0000;0.7039
-364614;0;0.3491;0.2849;-0.0000;0.6981
-363638;0;0.3478;0.2868;-0.0000;0.6957
-362129;0;0.3460;0.2898;-0.0000;0.6919
-361894;0;0.3450;0.2902;-0.0000;0.6900
-360695;0;0.3447;0.2926;-0.0000;0.6894
-360629;0;0.3436;0.2927;-0.0000;0.6872
-359407;0;0.3400;0.2951;-0.0000;0.6800
-357163;0;0.3393;0.2995;-0.0000;0.6785
-356244;0;0.3377;0.3013;-0.0000;0.6755
-356017;0;0.3356;0.3018;-0.0000;0.6712
-354220;0;0.3333;0.3053;-0.0000;0.6665
-352498;0;0.3310;0.3087;-0.0000;0.6621
-350701;0;0.3287;0.3122;-0.0000;0.6574
-348204;0;0.3282;0.3171;-0.0000;0.6565
-347303;0;0.3240;0.3188;-0.0000;0.6480
-346931;0;0.3237;0.3196;-0.0000;0.6474
-344077;0;0.3235;0.3252;-0.0000;0.6471
-343837;0;0.3192;0.3256;-0.0000;0.6383
-341911;0;0.3167;0.3294;-0.0000;0.6334
-340114;0;0.3142;0.3329;-0.0000;0.6284
-337784;0;0.3117;0.3375;-0.0000;0.6234
-335987;0;0.3091;0.3410;-0.0000;0.6183
-335615;0;0.3088;0.3418;-0.0000;0.6176
-334200;0;0.3074;0.3445;-0.0000;0.6149
-333466;0;0.3065;0.3460;-0.0000;0.6131
-331669;0;0.3039;0.3495;-0.0000;0.6078
-329448;0;0.3030;0.3539;-0.0000;0.6060
-328436;0;0.3012;0.3559;-0.0000;0.6024
-328266;0;0.2999;0.3562;-0.0000;0.5998
-327043;0;0.2987;0.3586;-0.0000;0.5974
-326639;0;0.2985;0.3594;-0.0000;0.5971
-324733;0;0.2967;0.3631;-0.0000;0.5934
-322606;0;0.2941;0.3673;-0.0000;0.5883
-322013;0;0.2932;0.3684;-0.0000;0.5864
-320802;0;0.2930;0.3708;-0.0000;0.5861
-320239;0;0.2911;0.3719;-0.0000;0.5823
-319646;0;0.2901;0.3731;-0.0000;0.5803
-318112;0;0.2885;0.3761;-0.0000;0.5770
-316615;0;0.2861;0.3790;-0.0000;0.5721
-314402;0;0.2854;0.3834;-0.0000;0.5707
-312905;0;0.2829;0.3863;-0.0000;0.5658
-310778;0;0.2802;0.3905;-0.0000;0.5604
-308421;0;0.2794;0.3951;-0.0000;0.5589
-306294;0;0.2766;0.3993;-0.0000;0.5533
-304797;0;0.2741;0.4022;-0.0000;0.5482
-301981;0;0.2733;0.4077;-0.0000;0.5466
-300136;0;0.2718;0.4114;-0.0000;0.5437
-298357;0;0.2678;0.4148;-0.0000;0.5357
-295230;0;0.2673;0.4210;-0.0000;0.5347
-292503;0;0.2640;0.4263;-0.0000;0.5280
-291599;0;0.2624;0.4281;-0.0000;0.5249
-289034;0;0.2614;0.4331;-0.0000;0.5228
-286345;0;0.2589;0.4384;-0.0000;0.5179
-285441;0;0.2573;0.4402;-0.0000;0.5146
-282276;0;0.2559;0.4464;-0.0000;0.5117
-279587;0;0.2552;0.4517;-0.0000;0.5105
-278683;0;0.2536;0.4534;-0.0000;0.5072
-275518;0;0.2521;0.4596;-0.0000;0.5042
-266140;0;0.2517;0.4780;-0.0000;0.5034
-259382;0;0.2501;0.4913;-0.0000;0.5002
-243442;0;0.2497;0.5225;-0.0000;0.4993
-239950;0;0.2492;0.5294;-0.0000;0.4983
-236684;0;0.2474;0.5358;-0.0000;0.4949
-229926;0;0.2457;0.5491;-0.0000;0.4914
-425102;224086;0.4744;0.1663;0.0087;0.9489
-425157;225801;0.4781;0.1662;0.0088;0.9562
-425353;225896;0.4756;0.1658;0.0088;0.9512
-425573;229900;0.4769;0.1653;0.0090;0.9538
-425908;253696;0.4793;0.1647;0.0099;0.9586
-425737;257645;0.4783;0.1650;0.0101;0.9565
-425510;263366;0.4769;0.1655;0.0103;0.9538
-427037;264170;0.4793;0.1625;0.0103;0.9586
-427325;269792;0.4783;0.1619;0.0105;0.9565
-428011;276539;0.4805;0.1606;0.0108;0.9610
-425914;286665;0.4773;0.1647;0.0112;0.9546
-427480;290421;0.4793;0.1616;0.0113;0.9586
-428116;298719;0.4805;0.1604;0.0117;0.9610
-426379;304844;0.4781;0.1638;0.0119;0.9562
-426048;305721;0.4781;0.1644;0.0119;0.9562
-427791;307532;0.4793;0.1610;0.0120;0.9586
-426444;310023;0.4781;0.1636;0.0121;0.9562
-429473;314122;0.4816;0.1577;0.0123;0.9632
-428598;317573;0.4816;0.1594;0.0124;0.9632
-429993;329399;0.4827;0.1567;0.0129;0.9654
-425933;337785;0.4758;0.1646;0.0132;0.9517
-430005;347650;0.4827;0.1566;0.0136;0.9654
-430235;347755;0.4827;0.1562;0.0136;0.9654
-429443;349756;0.4816;0.1578;0.0136;0.9632
-430349;353888;0.4837;0.1560;0.0138;0.9675
-431786;367935;0.4837;0.1532;0.0144;0.9675
-430273;382657;0.4828;0.1561;0.0149;0.9657
-431868;397986;0.4848;0.1530;0.0155;0.9695
-433025;406493;0.4857;0.1507;0.0159;0.9715
-433006;409961;0.4848;0.1508;0.0160;0.9695
-431438;425297;0.4837;0.1538;0.0166;0.9675
-433611;430720;0.4867;0.1496;0.0168;0.9734
-433737;435284;0.4867;0.1493;0.0170;0.9734
-434525;444503;0.4867;0.1478;0.0173;0.9734
-434836;481118;0.4923;0.1472;0.0188;0.9846
-435370;481743;0.4893;0.1461;0.0188;0.9786
-435833;485420;0.4909;0.1452;0.0189;0.9817
-434545;489255;0.4880;0.1477;0.0191;0.9759
-436748;490210;0.4893;0.1434;0.0191;0.9786
-428630;490768;0.4805;0.1593;0.0191;0.9610
-435388;500633;0.4893;0.1461;0.0195;0.9786
-437717;522521;0.4916;0.1415;0.0204;0.9832
-439108;582983;0.4923;0.1388;0.0227;0.9846
-441920;737598;0.4997;0.1333;0.0288;0.9994
-442151;766748;0.4977;0.1328;0.0299;0.9954
-443593;772195;0.4993;0.1300;0.0301;0.9985
-452506;781498;0.4987;0.1125;0.0305;0.9974
-444113;811474;0.4986;0.1290;0.0317;0.9973
-450671;823627;0.4980;0.1161;0.0321;0.9960
-440543;840552;0.4959;0.1360;0.0328;0.9917
-439417;840552;0.4957;0.1382;0.0328;0.9913
-454891;863670;0.4980;0.1078;0.0337;0.9960
-441564;875936;0.4976;0.1340;0.0342;0.9951
-443938;882406;0.4963;0.1293;0.0344;0.9925
-449000;882762;0.4969;0.1194;0.0344;0.9937
-443738;936070;0.4962;0.1297;0.0365;0.9923
-452466;957656;0.4977;0.1126;0.0374;0.9954
-452663;963371;0.4979;0.1122;0.0376;0.9958
-443778;991367;0.4926;0.1296;0.0387;0.9853
-450364;996821;0.4926;0.1167;0.0389;0.9851
-455613;1003304;0.4977;0.1064;0.0391;0.9954
-457509;1009812;0.4973;0.1027;0.0394;0.9947
-457615;1061992;0.4870;0.1025;0.0414;0.9741
-458925;1124635;0.4956;0.0999;0.0439;0.9913
-461467;1144860;0.4831;0.0949;0.0447;0.9662
-462290;1162086;0.4831;0.0933;0.0453;0.9662
-459403;1173938;0.4820;0.0990;0.0458;0.9641
-457372;1200113;0.4807;0.1030;0.0468;0.9614
-460835;1200489;0.4820;0.0962;0.0468;0.9641
-452000;1216197;0.4781;0.1135;0.0475;0.9562
-452339;1259710;0.4769;0.1128;0.0492;0.9537
-461451;1267353;0.4786;0.0950;0.0495;0.9572
-445765;1268649;0.4708;0.1257;0.0495;0.9415
-455473;1283563;0.4783;0.1067;0.0501;0.9566
-462849;1315860;0.4831;0.0922;0.0513;0.9662
-459056;1316660;0.4775;0.0997;0.0514;0.9551
-450281;1346743;0.4647;0.1169;0.0525;0.9294
-453324;1355252;0.4695;0.1109;0.0529;0.9390
-454346;1375405;0.4735;0.1089;0.0537;0.9470
-464544;1394524;0.4748;0.0889;0.0544;0.9496
-462557;1401820;0.4744;0.0928;0.0547;0.9487
-455822;1402356;0.4730;0.1060;0.0547;0.9460
-441229;1430551;0.4624;0.1346;0.0558;0.9248
-440928;1430844;0.4597;0.1352;0.0558;0.9194
-464822;1438501;0.4753;0.0884;0.0561;0.9507
-468801;1439455;0.4761;0.0806;0.0562;0.9522
-447987;1452298;0.4625;0.1214;0.0567;0.9251
-462801;1456733;0.4673;0.0923;0.0568;0.9346
-469338;1473788;0.4735;0.0795;0.0575;0.9470
-464414;1499552;0.4688;0.0892;0.0585;0.9376
-465810;1513855;0.4703;0.0864;0.0591;0.9406
-461068;1515575;0.4631;0.0957;0.0591;0.9261
-442970;1519930;0.4553;0.1312;0.0593;0.9107
-462905;1525505;0.4660;0.0921;0.0595;0.9319
-470545;1525740;0.4721;0.0771;0.0595;0.9442
-465537;1532560;0.4691;0.0870;0.0598;0.9381
-467871;1554965;0.4661;0.0824;0.0607;0.9321
-469719;1563330;0.4673;0.0788;0.0610;0.9346
-460549;1581849;0.4608;0.0967;0.0617;0.9216
-465931;1586844;0.4595;0.0862;0.0619;0.9190
-418441;1606588;0.4354;0.1793;0.0627;0.8708
-453396;1609691;0.4542;0.1108;0.0628;0.9083
-457181;1644686;0.4589;0.1034;0.0642;0.9178
-442656;1648568;0.4527;0.1318;0.0643;0.9054
-460904;1656266;0.4572;0.0960;0.0646;0.9143
-463973;1679572;0.4562;0.0900;0.0655;0.9124
-433111;1706338;0.4469;0.1506;0.0666;0.8938
-466337;1714273;0.4643;0.0854;0.0669;0.9287
-418985;1720396;0.4300;0.1783;0.0671;0.8601
-427150;1720983;0.4424;0.1622;0.0672;0.8848
-464079;1723195;0.4552;0.0898;0.0672;0.9105
-465210;1724968;0.4586;0.0876;0.0673;0.9173
-470355;1725664;0.4578;0.0775;0.0673;0.9156
-452718;1733738;0.4491;0.1121;0.0676;0.8981
-459553;1739074;0.4399;0.0987;0.0679;0.8797
-464768;1739800;0.4551;0.0885;0.0679;0.9103
-471598;1744811;0.4667;0.0751;0.0681;0.9334
-465891;1745724;0.4534;0.0863;0.0681;0.9068
-423836;1773523;0.4369;0.1687;0.0692;0.8737
-446643;1773816;0.4393;0.1240;0.0692;0.8787
-466742;1780977;0.4534;0.0846;0.0695;0.9068
-418165;1781433;0.4254;0.1799;0.0695;0.8507
-464062;1789544;0.4422;0.0899;0.0698;0.8845
-465361;1791996;0.4478;0.0873;0.0699;0.8957
-462824;1794326;0.4345;0.0923;0.0700;0.8691
-467929;1797604;0.4496;0.0823;0.0701;0.8992
-468081;1808288;0.4542;0.0820;0.0706;0.9084
-415359;1809025;0.4252;0.1854;0.0706;0.8504
-463946;1817528;0.4421;0.0901;0.0709;0.8841
-432177;1823777;0.4326;0.1524;0.0712;0.8652
-469182;1825283;0.4496;0.0798;0.0712;0.8992
-470060;1834186;0.4476;0.0781;0.0716;0.8952
-469565;1835115;0.4325;0.0791;0.0716;0.8649
-418052;1839831;0.4252;0.1801;0.0718;0.8504
-470478;1855859;0.4476;0.0773;0.0724;0.8952
-469788;1856942;0.4456;0.0786;0.0725;0.8912
-464055;1862791;0.4299;0.0899;0.0727;0.8598
-470795;1885721;0.4456;0.0766;0.0736;0.8912
-419842;1891322;0.4160;0.1766;0.0738;0.8320
-470811;1899487;0.4361;0.0766;0.0741;0.8722
-468154;1908032;0.4227;0.0818;0.0744;0.8454
-414606;1926493;0.4050;0.1869;0.0752;0.8100
-472635;1934834;0.4252;0.0730;0.0755;0.8505
-473277;1960141;0.4393;0.0718;0.0765;0.8787
-467125;1962510;0.4225;0.0838;0.0766;0.8450
-475090;1978857;0.4369;0.0682;0.0772;0.8737
-430050;1985549;0.4179;0.1566;0.0775;0.8357
-422794;1998803;0.4050;0.1708;0.0780;0.8101
-467668;2003951;0.4193;0.0828;0.0782;0.8387
-434030;2009174;0.4128;0.1488;0.0784;0.8256
-472875;2009469;0.4327;0.0726;0.0784;0.8654
-472834;2010634;0.4295;0.0727;0.0785;0.8590
-475689;2012622;0.4371;0.0671;0.0785;0.8741
-473470;2015601;0.4323;0.0714;0.0786;0.8646
-475225;2016899;0.4338;0.0680;0.0787;0.8676
-475075;2017394;0.4266;0.0683;0.0787;0.8532
-469064;2029216;0.4195;0.0800;0.0792;0.8390
-476643;2037768;0.4301;0.0652;0.0795;0.8603
-471493;2038582;0.4193;0.0753;0.0795;0.8386
-473598;2043300;0.4194;0.0712;0.0797;0.8388
-395485;2052961;0.3799;0.2244;0.0801;0.7598
-459166;2062778;0.4182;0.0995;0.0805;0.8363
-475016;2066600;0.4255;0.0684;0.0806;0.8509
-389553;2077837;0.3765;0.2360;0.0811;0.7530
-472134;2078331;0.4114;0.0740;0.0811;0.8228
-476949;2079924;0.4148;0.0646;0.0812;0.8297
-376851;2088516;0.3690;0.2609;0.0815;0.7380
-327637;2093858;0.2993;0.3574;0.0817;0.5986
-383738;2097260;0.3598;0.2474;0.0818;0.7197
-367709;2102466;0.3517;0.2788;0.0820;0.7034
-407970;2110051;0.4046;0.1999;0.0823;0.8091
-398727;2118514;0.3925;0.2180;0.0827;0.7850
-369328;2118718;0.3531;0.2757;0.0827;0.7062
-305618;2124709;0.2744;0.4006;0.0829;0.5489
-477477;2127397;0.4268;0.0635;0.0830;0.8536
-477653;2132905;0.4218;0.0632;0.0832;0.8435
-430804;2133507;0.4039;0.1551;0.0832;0.8079
-397840;2135782;0.3898;0.2197;0.0833;0.7796
-476992;2138471;0.4206;0.0645;0.0834;0.8412
-477667;2143220;0.4151;0.0632;0.0836;0.8301
-477826;2148116;0.4154;0.0629;0.0838;0.8307
-478180;2148389;0.4093;0.0622;0.0838;0.8186
-316638;2151406;0.2854;0.3790;0.0839;0.5707
-338096;2152282;0.3142;0.3369;0.0840;0.6284
-398666;2154931;0.3861;0.2181;0.0841;0.7722
-358296;2157395;0.3376;0.2973;0.0842;0.6752
-479122;2158577;0.4059;0.0603;0.0842;0.8119
-473388;2160533;0.4034;0.0716;0.0843;0.8067
-339325;2161457;0.3112;0.3345;0.0843;0.6223
-364191;2164045;0.3452;0.2857;0.0844;0.6904
-327569;2165467;0.2865;0.3576;0.0845;0.5730
-479145;2169685;0.4154;0.0603;0.0847;0.8307
-479264;2170891;0.4123;0.0600;0.0847;0.8246
-361573;2173675;0.3449;0.2909;0.0848;0.6899
-320037;2182080;0.2736;0.3723;0.0851;0.5471
-401188;2185149;0.3797;0.2132;0.0853;0.7593
-364869;2187084;0.3454;0.2844;0.0853;0.6907
-312465;2192381;0.2727;0.3872;0.0855;0.5454
-469442;2194920;0.4004;0.0793;0.0856;0.8008
-479484;2195236;0.4065;0.0596;0.0857;0.8129
-330257;2196316;0.2826;0.3523;0.0857;0.5653
-372137;2196529;0.3509;0.2701;0.0857;0.7019
-386515;2196909;0.3720;0.2419;0.0857;0.7440
-338230;2197117;0.2848;0.3366;0.0857;0.5696
-387067;2197659;0.3738;0.2409;0.0858;0.7475
-352425;2208995;0.3297;0.3088;0.0862;0.6594
-348469;2209900;0.3209;0.3166;0.0862;0.6419
-479543;2213284;0.4255;0.0595;0.0864;0.8509
-366396;2213429;0.3413;0.2814;0.0864;0.6826
-354448;2214523;0.3337;0.3048;0.0864;0.6674
-389394;2218363;0.3619;0.2363;0.0866;0.7237
-479633;2223870;0.4264;0.0593;0.0868;0.8529
-358584;2228069;0.3387;0.2967;0.0869;0.6775
-313245;2228330;0.2692;0.3856;0.0869;0.5384
-474619;2228998;0.3973;0.0692;0.0870;0.7947
-479947;2232244;0.4080;0.0587;0.0871;0.8159
-391748;2234465;0.3738;0.2317;0.0872;0.7475
-371308;2237114;0.3495;0.2718;0.0873;0.6989
-377771;2237385;0.3462;0.2591;0.0873;0.6924
-382844;2239201;0.3553;0.2491;0.0874;0.7107
-385920;2240975;0.3549;0.2431;0.0874;0.7099
-480181;2242000;0.4216;0.0582;0.0875;0.8432
-480658;2242972;0.4149;0.0573;0.0875;0.8298
-375466;2246212;0.3373;0.2636;0.0876;0.6746
-320067;2246250;0.2754;0.3723;0.0876;0.5509
-337951;2247679;0.2764;0.3372;0.0877;0.5528
-314861;2249329;0.2614;0.3825;0.0878;0.5227
-382627;2253397;0.3545;0.2496;0.0879;0.7089
-357821;2253966;0.3365;0.2982;0.0879;0.6730
-414714;2254342;0.3906;0.1866;0.0880;0.7811
-361157;2256749;0.3331;0.2917;0.0881;0.6662
-329002;2260625;0.2702;0.3547;0.0882;0.5404
-479557;2261045;0.4037;0.0595;0.0882;0.8075
-481767;2263153;0.4121;0.0551;0.0883;0.8243
-480416;2263821;0.4109;0.0578;0.0883;0.8218
-354343;2264966;0.3210;0.3050;0.0884;0.6420
-341564;2270566;0.3068;0.3301;0.0886;0.6137
-394252;2277785;0.3744;0.2268;0.0889;0.7487
-382224;2279565;0.3365;0.2504;0.0889;0.6730
-476793;2281115;0.3880;0.0649;0.0890;0.7760
-481400;2282656;0.4033;0.0559;0.0891;0.8066
-348307;2283871;0.3071;0.3169;0.0891;0.6142
-389745;2286615;0.3561;0.2356;0.0892;0.7123
-360401;2287925;0.3253;0.2932;0.0893;0.6507
-385313;2288226;0.3523;0.2443;0.0893;0.7047
-335751;2289073;0.2709;0.3415;0.0893;0.5418
-482017;2289913;0.4008;0.0546;0.0893;0.8015
-404516;2290594;0.3832;0.2066;0.0894;0.7664
-339103;2294090;0.2795;0.3349;0.0895;0.5591
-361153;2296062;0.3182;0.2917;0.0896;0.6365
-398024;2296871;0.3573;0.2194;0.0896;0.7146
-334810;2300618;0.2627;0.3434;0.0898;0.5254
-316950;2300996;0.2479;0.3784;0.0898;0.4958
-318167;2305990;0.2495;0.3760;0.0900;0.4990
-482173;2306069;0.4191;0.0543;0.0900;0.8382
-482531;2308599;0.4065;0.0536;0.0901;0.8130
-482933;2315077;0.4052;0.0528;0.0903;0.8104
-482505;2315330;0.4022;0.0537;0.0903;0.8045
-401995;2315767;0.3796;0.2116;0.0904;0.7592
-334926;2316819;0.2591;0.3431;0.0904;0.5182
-359589;2317401;0.3173;0.2948;0.0904;0.6346
-320063;2317594;0.2407;0.3723;0.0904;0.4814
-481448;2321656;0.4006;0.0558;0.0906;0.8012
-483567;2322980;0.4091;0.0516;0.0906;0.8182
-358256;2326528;0.3152;0.2974;0.0908;0.6304
-404734;2327279;0.3779;0.2062;0.0908;0.7557
-349598;2328890;0.3127;0.3143;0.0909;0.6255
-406600;2329901;0.3738;0.2026;0.0909;0.7476
-411274;2330641;0.3832;0.1934;0.0909;0.7664
-480681;2334650;0.3946;0.0573;0.0911;0.7892
-384776;2335088;0.3505;0.2454;0.0911;0.7011
-340341;2336572;0.2730;0.3325;0.0912;0.5460
-384321;2340676;0.3483;0.2462;0.0913;0.6966
-482718;2340677;0.3975;0.0533;0.0913;0.7950
-339348;2341028;0.2507;0.3345;0.0913;0.5014
-483473;2341386;0.3946;0.0518;0.0914;0.7892
-417712;2347543;0.3857;0.1808;0.0916;0.7713
-399984;2347980;0.3534;0.2155;0.0916;0.7067
-352590;2350123;0.2784;0.3085;0.0917;0.5569
-367159;2350669;0.3228;0.2799;0.0917;0.6456
-483794;2351558;0.4052;0.0512;0.0918;0.8104
-382460;2351884;0.3374;0.2499;0.0918;0.6749
-484718;2356111;0.4012;0.0493;0.0919;0.8023
-357233;2361433;0.3045;0.2994;0.0921;0.6091
-484582;2361567;0.3914;0.0496;0.0921;0.7828
-379115;2361865;0.3085;0.2565;0.0922;0.6171
-401277;2362235;0.3633;0.2130;0.0922;0.7266
-478204;2364561;0.3880;0.0621;0.0923;0.7760
-406140;2367602;0.3616;0.2035;0.0924;0.7232
-384813;2368654;0.3126;0.2453;0.0924;0.6253
-395418;2370023;0.3413;0.2245;0.0925;0.6826
-345643;2376600;0.2639;0.3221;0.0927;0.5278
-360367;2381161;0.3052;0.2932;0.0929;0.6104
-420276;2385461;0.3834;0.1757;0.0931;0.7668
-480135;2389847;0.3913;0.0583;0.0932;0.7825
-482701;2401912;0.3882;0.0533;0.0937;0.7763
-322697;2407411;0.2497;0.3671;0.0939;0.4994
-484836;2407821;0.4021;0.0491;0.0940;0.8042
-481462;2409922;0.3878;0.0557;0.0940;0.7755
-364854;2413807;0.3049;0.2844;0.0942;0.6098
-441154;2414424;0.3840;0.1348;0.0942;0.7680
-320910;2414618;0.2324;0.3706;0.0942;0.4648
-484942;2417075;0.4082;0.0489;0.0943;0.8164
-486080;2420208;0.3946;0.0467;0.0944;0.7892
-410441;2423003;0.3582;0.1950;0.0945;0.7163
-355747;2426986;0.2933;0.3023;0.0947;0.5866
-374906;2428009;0.3070;0.2647;0.0947;0.6140
-298948;2429389;0.2299;0.4137;0.0948;0.4598
-332108;2430887;0.2463;0.3487;0.0949;0.4926
-411403;2436316;0.3761;0.1931;0.0951;0.7523
-321496;2437136;0.2255;0.3695;0.0951;0.4510
-355336;2441028;0.2924;0.3031;0.0952;0.5847
-394291;2444697;0.3186;0.2267;0.0954;0.6372
-485297;2446483;0.3848;0.0482;0.0955;0.7697
-352769;2450341;0.2833;0.3081;0.0956;0.5666
-477732;2451938;0.3776;0.0630;0.0957;0.7552
-365659;2454233;0.2966;0.2828;0.0958;0.5932
-400369;2455934;0.3500;0.2148;0.0958;0.7000
-486604;2461501;0.3744;0.0456;0.0960;0.7489
-366294;2462666;0.3035;0.2816;0.0961;0.6071
-386699;2468155;0.3029;0.2416;0.0963;0.6059
-363942;2472777;0.2891;0.2862;0.0965;0.5781
-419288;2478038;0.3563;0.1777;0.0967;0.7125
-393042;2483855;0.3116;0.2291;0.0969;0.6233
-408237;2498840;0.3542;0.1993;0.0975;0.7084
-406838;2502770;0.3197;0.2021;0.0977;0.6394
-343174;2505410;0.2489;0.3269;0.0978;0.4979
-420410;2511579;0.3260;0.1755;0.0980;0.6520
-357912;2514471;0.2827;0.2980;0.0981;0.5654
-366989;2515892;0.2971;0.2802;0.0982;0.5942
-349456;2516172;0.2615;0.3146;0.0982;0.5231
-383842;2524346;0.2938;0.2472;0.0985;0.5876
-332419;2524776;0.2186;0.3480;0.0985;0.4373
-360550;2530736;0.2848;0.2929;0.0987;0.5697
-333138;2537334;0.2459;0.3466;0.0990;0.4919
-333290;2538909;0.2186;0.3463;0.0991;0.4372
-423359;2551397;0.3669;0.1697;0.0996;0.7338
-384124;2552056;0.3007;0.2466;0.0996;0.6014
-351171;2553281;0.2600;0.3113;0.0996;0.5199
-420518;2554006;0.3645;0.1753;0.0997;0.7290
-343623;2556648;0.2490;0.3261;0.0998;0.4980
-353265;2564749;0.2692;0.3072;0.1001;0.5385
-487793;2566790;0.3832;0.0433;0.1002;0.7663
-362047;2567810;0.2569;0.2899;0.1002;0.5138
-357537;2574168;0.2512;0.2988;0.1004;0.5024
-368695;2577483;0.2765;0.2769;0.1006;0.5530
-436374;2578272;0.3595;0.1442;0.1006;0.7190
-328090;2579437;0.2111;0.3565;0.1006;0.4222
-345951;2582225;0.2475;0.3215;0.1008;0.4951
-378666;2583682;0.2878;0.2573;0.1008;0.5755
-348528;2586048;0.2426;0.3164;0.1009;0.4851
-351676;2592790;0.2291;0.3103;0.1012;0.4581
-374747;2603244;0.2639;0.2650;0.1016;0.5278
-399598;2610768;0.3105;0.2163;0.1019;0.6209
-372547;2614313;0.2515;0.2693;0.1020;0.5030
-393144;2619235;0.3057;0.2289;0.1022;0.6113
-339305;2625216;0.2228;0.3345;0.1024;0.4456
-344250;2626957;0.2174;0.3248;0.1025;0.4347
-487868;2629891;0.3780;0.0432;0.1026;0.7560
-393890;2630317;0.3005;0.2275;0.1026;0.6009
-461127;2638892;0.3727;0.0956;0.1030;0.7454
-423406;2644643;0.3470;0.1696;0.1032;0.6940
-488499;2651403;0.3864;0.0419;0.1035;0.7727
-375432;2652227;0.2821;0.2637;0.1035;0.5641
-424208;2652627;0.3229;0.1680;0.1035;0.6458
-359467;2655085;0.2457;0.2950;0.1036;0.4914
-353961;2655524;0.2391;0.3058;0.1036;0.4783
-346130;2662186;0.2089;0.3212;0.1039;0.4178
-401585;2663479;0.3166;0.2124;0.1039;0.6332
-394059;2664401;0.3019;0.2271;0.1040;0.6037
-484831;2669664;0.3708;0.0491;0.1042;0.7417
-363924;2678544;0.2431;0.2863;0.1045;0.4862
-463679;2684990;0.3618;0.0906;0.1048;0.7236
-488325;2687902;0.3744;0.0423;0.1049;0.7489
-488294;2691297;0.3670;0.0423;0.1050;0.7340
-481853;2706344;0.3668;0.0550;0.1056;0.7336
-360719;2709195;0.2385;0.2925;0.1057;0.4770
-386157;2713351;0.2498;0.2426;0.1059;0.4995
-369076;2719629;0.2487;0.2761;0.1061;0.4973
-419184;2721054;0.3157;0.1779;0.1062;0.6315
-353950;2722665;0.2058;0.3058;0.1062;0.4115
-428358;2725629;0.3584;0.1599;0.1064;0.7169
-396618;2729553;0.2791;0.2221;0.1065;0.5582
-392636;2733750;0.2771;0.2299;0.1067;0.5541
-364852;2755354;0.2377;0.2844;0.1075;0.4754
-489819;2759215;0.3796;0.0393;0.1077;0.7592
-392854;2759864;0.2585;0.2295;0.1077;0.5169
-435146;2776658;0.3549;0.1466;0.1083;0.7099
-435690;2787840;0.3588;0.1455;0.1088;0.7176
-369664;2788281;0.2385;0.2750;0.1088;0.4771
-355508;2789664;0.1967;0.3028;0.1088;0.3933
-488102;2793291;0.3553;0.0427;0.1090;0.7106
-357807;2819220;0.2300;0.2982;0.1100;0.4600
-358779;2825503;0.2306;0.2963;0.1102;0.4612
-399975;2827367;0.3119;0.2155;0.1103;0.6239
-427247;2829745;0.3388;0.1621;0.1104;0.6777
-483095;2839481;0.3427;0.0525;0.1108;0.6853
-384410;2841453;0.2422;0.2461;0.1109;0.4844
-409623;2848007;0.2811;0.1966;0.1111;0.5621
-359286;2848451;0.2208;0.2953;0.1111;0.4415
-397908;2854171;0.2737;0.2196;0.1114;0.5474
-399795;2857994;0.2642;0.2159;0.1115;0.5283
-389908;2861092;0.2351;0.2353;0.1116;0.4702
-391928;2861270;0.2487;0.2313;0.1116;0.4975
-395926;2862903;0.2552;0.2235;0.1117;0.5104
-412999;2865263;0.3066;0.1900;0.1118;0.6132
-337651;2874791;0.1884;0.3378;0.1122;0.3767
-372336;2883557;0.2117;0.2698;0.1125;0.4234
-488934;2894342;0.3688;0.0411;0.1129;0.7377
-491107;2897606;0.3633;0.0368;0.1131;0.7267
-368638;2900100;0.2044;0.2770;0.1132;0.4088
-436590;2901606;0.3396;0.1437;0.1132;0.6792
-401189;2908058;0.2763;0.2132;0.1135;0.5527
-344409;2909460;0.1857;0.3245;0.1135;0.3713
-392915;2915875;0.2477;0.2294;0.1138;0.4953
-490155;2916857;0.3515;0.0387;0.1138;0.7029
-402984;2926423;0.2752;0.2096;0.1142;0.5504
-415384;2931999;0.2830;0.1853;0.1144;0.5660
-450497;2936686;0.3380;0.1165;0.1146;0.6760
-424983;2938145;0.3210;0.1665;0.1146;0.6421
-431508;2946510;0.3203;0.1537;0.1150;0.6407
-417135;2956544;0.2743;0.1819;0.1154;0.5485
-351167;2964285;0.1839;0.3113;0.1157;0.3679
-388088;2973484;0.2268;0.2389;0.1160;0.4537
-375574;2987936;0.2244;0.2634;0.1166;0.4488
-420495;2988279;0.3098;0.1753;0.1166;0.6197
-465453;2994331;0.3297;0.0871;0.1168;0.6593
-400795;2998052;0.2695;0.2139;0.1170;0.5390
-431848;3001465;0.3058;0.1530;0.1171;0.6117
-393239;3003090;0.2316;0.2288;0.1172;0.4632
-396033;3011233;0.2549;0.2233;0.1175;0.5099
-432024;3026326;0.3258;0.1527;0.1181;0.6516
-389569;3026635;0.2270;0.2360;0.1181;0.4539
-443385;3032178;0.3204;0.1304;0.1183;0.6408
-393570;3039364;0.2344;0.2281;0.1186;0.4687
-375993;3047720;0.2029;0.2626;0.1189;0.4057
-376348;3048910;0.2055;0.2619;0.1190;0.4109
-356709;3053408;0.2027;0.3004;0.1191;0.4054
-491050;3053849;0.3533;0.0369;0.1192;0.7067
-491148;3054357;0.3612;0.0367;0.1192;0.7225
-376433;3057084;0.2177;0.2617;0.1193;0.4354
-356478;3060505;0.1998;0.3009;0.1194;0.3997
-403795;3079182;0.2536;0.2081;0.1201;0.5072
-393773;3082347;0.2321;0.2277;0.1203;0.4641
-438014;3084719;0.3029;0.1409;0.1204;0.6057
-383525;3094307;0.2078;0.2478;0.1207;0.4156
-416999;3098568;0.2547;0.1822;0.1209;0.5095
-377318;3108107;0.1861;0.2600;0.1213;0.3722
-431235;3118858;0.2970;0.1542;0.1217;0.5940
-401208;3122572;0.2493;0.2131;0.1218;0.4986
-386421;3123148;0.2067;0.2421;0.1219;0.4134
-403927;3123214;0.2512;0.2078;0.1219;0.5025
-388258;3126332;0.2199;0.2385;0.1220;0.4399
-467440;3130084;0.3340;0.0832;0.1221;0.6680
-475074;3136197;0.3375;0.0683;0.1224;0.6750
-386909;3157951;0.2133;0.2412;0.1232;0.4265
-391075;3160478;0.2220;0.2330;0.1233;0.4440
-417839;3161616;0.2622;0.1805;0.1234;0.5244
-454839;3169189;0.3283;0.1079;0.1237;0.6566
-434060;3178739;0.2968;0.1487;0.1240;0.5937
-421064;3179413;0.2758;0.1742;0.1241;0.5515
-390834;3182921;0.1836;0.2335;0.1242;0.3671
-456997;3187572;0.3249;0.1037;0.1244;0.6498
-395145;3190024;0.2270;0.2250;0.1245;0.4540
-471488;3192039;0.3286;0.0753;0.1245;0.6572
-405103;3194860;0.2320;0.2055;0.1247;0.4639
-445494;3203425;0.3128;0.1263;0.1250;0.6255
-433869;3210892;0.2927;0.1491;0.1253;0.5855
-447932;3213650;0.3082;0.1215;0.1254;0.6164
-406649;3219590;0.2392;0.2025;0.1256;0.4784
-405297;3228148;0.2351;0.2051;0.1260;0.4703
-364683;3230676;0.1806;0.2848;0.1261;0.3612
-442202;3233287;0.2655;0.1327;0.1262;0.5310
-452754;3240650;0.3182;0.1120;0.1264;0.6364
-391894;3241759;0.2093;0.2314;0.1265;0.4186
-412476;3255940;0.2444;0.1910;0.1270;0.4889
-392167;3256931;0.2050;0.2309;0.1271;0.4100
-493374;3259117;0.3472;0.0324;0.1272;0.6943
-431559;3260321;0.2620;0.1536;0.1272;0.5241
-397592;3269343;0.1830;0.2202;0.1276;0.3660
-401703;3274809;0.2089;0.2122;0.1278;0.4178
-412730;3290316;0.2435;0.1905;0.1284;0.4869
-406793;3297165;0.2100;0.2022;0.1287;0.4200
-489201;3299415;0.3397;0.0406;0.1287;0.6794
-442822;3308611;0.2967;0.1315;0.1291;0.5933
-403978;3313450;0.1859;0.2077;0.1293;0.3719
-389157;3327452;0.1701;0.2368;0.1298;0.3402
-443740;3339798;0.2522;0.1297;0.1303;0.5044
-393655;3339917;0.1765;0.2279;0.1303;0.3531
-387603;3339917;0.1676;0.2398;0.1303;0.3352
-406728;3341801;0.1995;0.2023;0.1304;0.3990
-463106;3341898;0.3247;0.0917;0.1304;0.6495
-484266;3350878;0.3395;0.0502;0.1307;0.6789
-437243;3356170;0.2455;0.1425;0.1310;0.4909
-414120;3359655;0.2374;0.1878;0.1311;0.4748
-475497;3376452;0.3353;0.0674;0.1317;0.6705
-362082;3389058;0.1564;0.2899;0.1322;0.3128
-481703;3389163;0.3310;0.0553;0.1322;0.6620
-386924;3390196;0.1581;0.2411;0.1323;0.3161
-410471;3401992;0.2135;0.1950;0.1327;0.4270
-421543;3402152;0.2187;0.1732;0.1327;0.4373
-412275;3414304;0.1956;0.1914;0.1332;0.3912
-389952;3417288;0.1461;0.2352;0.1333;0.2923
-400216;3420968;0.1660;0.2151;0.1335;0.3320
-444482;3421673;0.2864;0.1283;0.1335;0.5727
-446615;3422608;0.2901;0.1241;0.1335;0.5802
-450675;3429202;0.2936;0.1161;0.1338;0.5873
-403070;3446567;0.1723;0.2095;0.1345;0.3446
-428025;3447718;0.2413;0.1605;0.1345;0.4827
-410031;3459002;0.1758;0.1958;0.1350;0.3516
-474471;3468539;0.3204;0.0694;0.1353;0.6408
-413774;3482304;0.1896;0.1885;0.1359;0.3792
-416909;3486253;0.2036;0.1823;0.1360;0.4071
-431941;3494219;0.2359;0.1529;0.1363;0.4717
-494488;3494530;0.3385;0.0302;0.1364;0.6771
-394164;3500263;0.1564;0.2269;0.1366;0.3127
-446490;3521189;0.2456;0.1243;0.1374;0.4912
-492598;3533545;0.3316;0.0339;0.1379;0.6632
-405867;3540609;0.1536;0.2040;0.1382;0.3073
-438426;3542812;0.2401;0.1401;0.1382;0.4803
-457506;3543252;0.3101;0.1027;0.1383;0.6203
-447681;3547275;0.2720;0.1220;0.1384;0.5441
-460182;3557633;0.2750;0.0975;0.1388;0.5500
-416597;3560384;0.1797;0.1829;0.1389;0.3595
-400728;3570362;0.1426;0.2141;0.1393;0.2851
-474198;3573243;0.3151;0.0700;0.1394;0.6303
-425145;3574711;0.2302;0.1662;0.1395;0.4603
-441328;3574933;0.2334;0.1344;0.1395;0.4667
-450572;3580309;0.2443;0.1163;0.1397;0.4886
-466638;3580801;0.2776;0.0848;0.1397;0.5552
-422772;3596635;0.2263;0.1708;0.1403;0.4526
-469155;3597077;0.3091;0.0799;0.1404;0.6181
-417927;3606528;0.2039;0.1803;0.1407;0.4077
-422184;3609698;0.2128;0.1720;0.1408;0.4256
-457157;3614497;0.2708;0.1034;0.1410;0.5416
-454932;3621043;0.2623;0.1078;0.1413;0.5245
-429374;3621417;0.1943;0.1579;0.1413;0.3887
-483237;3657576;0.2997;0.0522;0.1427;0.5995
-488603;3660105;0.3224;0.0417;0.1428;0.6449
-418183;3688426;0.1672;0.1798;0.1439;0.3344
-447058;3708384;0.2259;0.1232;0.1447;0.4517
-412251;3714503;0.1563;0.1915;0.1449;0.3126
-426544;3728045;0.1940;0.1634;0.1455;0.3880
-429464;3732456;0.2091;0.1577;0.1456;0.4183
-475375;3732988;0.2854;0.0677;0.1457;0.5708
-422977;3758654;0.1934;0.1704;0.1467;0.3868
-490910;3772009;0.3234;0.0372;0.1472;0.6468
-400980;3780460;0.1521;0.2136;0.1475;0.3042
-447990;3786280;0.2072;0.1214;0.1477;0.4144
-429495;3791793;0.2001;0.1576;0.1480;0.4003
-406979;3816364;0.1514;0.2018;0.1489;0.3028
-430542;3828433;0.1771;0.1556;0.1494;0.3542
-413737;3834584;0.1506;0.1886;0.1496;0.3011
-394146;3836299;0.1424;0.2270;0.1497;0.2849
-429356;3849510;0.1742;0.1579;0.1502;0.3485
-455667;3851787;0.2580;0.1063;0.1503;0.5159
-493530;3852566;0.3260;0.0321;0.1503;0.6521
-476677;3860820;0.2754;0.0651;0.1506;0.5509
-404948;3860995;0.1502;0.2058;0.1507;0.3005
-418339;3881752;0.1638;0.1795;0.1515;0.3276
-405295;3892053;0.1437;0.2051;0.1519;0.2873
-432910;3894444;0.1880;0.1510;0.1520;0.3760
-417395;3897007;0.1636;0.1814;0.1521;0.3272
-405842;3897236;0.1423;0.2040;0.1521;0.2846
-492586;3915176;0.3173;0.0339;0.1528;0.6346
-478057;3930144;0.2914;0.0624;0.1533;0.5828
-395271;3945044;0.1397;0.2248;0.1539;0.2795
-410331;3955072;0.1411;0.1952;0.1543;0.2822
-451373;3958262;0.2128;0.1147;0.1544;0.4255
-409702;3964968;0.1350;0.1965;0.1547;0.2699
-424352;3970274;0.1656;0.1677;0.1549;0.3311
-434380;4002107;0.2063;0.1481;0.1562;0.4127
-480389;4012783;0.2665;0.0578;0.1566;0.5330
-430836;4015763;0.1843;0.1550;0.1567;0.3685
-414496;4021122;0.1501;0.1871;0.1569;0.3001
-412442;4021187;0.1402;0.1911;0.1569;0.2803
-453490;4028844;0.2159;0.1106;0.1572;0.4318
-454402;4044955;0.2531;0.1088;0.1578;0.5062
-429069;4047947;0.1740;0.1585;0.1579;0.3481
-412215;4057356;0.1343;0.1915;0.1583;0.2687
-419011;4065852;0.1559;0.1782;0.1586;0.3118
-433903;4082739;0.1869;0.1490;0.1593;0.3738
-418357;4086289;0.1553;0.1795;0.1594;0.3105
-485653;4093279;0.3020;0.0475;0.1597;0.6040
-441275;4102478;0.1949;0.1345;0.1601;0.3899
-414946;4114039;0.1366;0.1862;0.1605;0.2732
-457336;4118781;0.2399;0.1030;0.1607;0.4797
-458813;4120918;0.2607;0.1001;0.1608;0.5213
-494176;4128499;0.3238;0.0308;0.1611;0.6476
-439482;4135704;0.1876;0.1381;0.1614;0.3753
-417499;4145780;0.1503;0.1812;0.1618;0.3006
-441869;4145977;0.1992;0.1334;0.1618;0.3984
-474964;4151413;0.2602;0.0685;0.1620;0.5204
-418437;4155783;0.1454;0.1793;0.1622;0.2909
-457347;4157727;0.2491;0.1030;0.1622;0.4982
-467863;4171015;0.2422;0.0824;0.1627;0.4845
-423359;4177927;0.1513;0.1697;0.1630;0.3026
-469056;4178444;0.2502;0.0801;0.1630;0.5003
-435286;4207378;0.1765;0.1463;0.1642;0.3529
-451373;4216497;0.2049;0.1147;0.1645;0.4098
-429093;4216664;0.1717;0.1584;0.1645;0.3434
-452426;4247038;0.2127;0.1127;0.1657;0.4255
-415506;4251074;0.1388;0.1851;0.1659;0.2775
-435477;4270515;0.1742;0.1459;0.1666;0.3484
-468614;4273425;0.2474;0.0809;0.1667;0.4947
-489558;4277850;0.3085;0.0399;0.1669;0.6170
-463195;4298688;0.2409;0.0916;0.1677;0.4818
-429209;4299300;0.1611;0.1582;0.1678;0.3222
-461007;4302199;0.2109;0.0958;0.1679;0.4218
-420495;4302276;0.1495;0.1753;0.1679;0.2989
-423039;4323893;0.1495;0.1703;0.1687;0.2990
-481872;4325187;0.2813;0.0549;0.1688;0.5625
-442108;4330391;0.2045;0.1329;0.1690;0.4089
-440541;4357506;0.1928;0.1360;0.1700;0.3856
-444889;4365451;0.1870;0.1275;0.1703;0.3740
-494580;4372045;0.2527;0.0300;0.1706;0.5055
-494785;4376334;0.3405;0.0296;0.1708;0.6811
-477686;4392262;0.2521;0.0631;0.1714;0.5043
-470789;4392331;0.2414;0.0767;0.1714;0.4828
-419013;4402770;0.1424;0.1782;0.1718;0.2848
-462234;4404188;0.2388;0.0934;0.1718;0.4775
-430834;4415808;0.1732;0.1550;0.1723;0.3464
-421161;4416434;0.1473;0.1740;0.1723;0.2945
-423592;4426436;0.1569;0.1692;0.1727;0.3138
-426662;4428709;0.1595;0.1632;0.1728;0.3191
-449088;4428955;0.2025;0.1192;0.1728;0.4050
-420841;4442906;0.1409;0.1746;0.1734;0.2819
-435811;4448031;0.1836;0.1453;0.1736;0.3672
-418556;4467814;0.1365;0.1791;0.1743;0.2730
-488169;4477064;0.2273;0.0426;0.1747;0.4547
-430728;4481016;0.1690;0.1552;0.1748;0.3380
-428940;4492504;0.1592;0.1587;0.1753;0.3183
-433366;4496782;0.1708;0.1501;0.1755;0.3416
-431392;4498448;0.1630;0.1539;0.1755;0.3260
-425515;4506558;0.1553;0.1655;0.1758;0.3106
-414224;4506877;0.1360;0.1876;0.1759;0.2719
-461805;4507504;0.2193;0.0943;0.1759;0.4386
-451577;4543906;0.2042;0.1143;0.1773;0.4084
-450749;4559780;0.1835;0.1160;0.1779;0.3670
-437381;4566539;0.1769;0.1422;0.1782;0.3539
-421841;4572958;0.1357;0.1727;0.1784;0.2714
-431688;4574194;0.1663;0.1533;0.1785;0.3327
-422264;4574336;0.1354;0.1718;0.1785;0.2707
-437700;4580061;0.1736;0.1416;0.1787;0.3472
-439663;4587695;0.1803;0.1377;0.1790;0.3607
-437006;4598389;0.1710;0.1429;0.1794;0.3421
-428144;4599749;0.1545;0.1603;0.1795;0.3090
-427358;4604789;0.1484;0.1618;0.1797;0.2969
-419304;4605432;0.1352;0.1776;0.1797;0.2704
-460351;4609666;0.2043;0.0971;0.1799;0.4086
-464853;4631149;0.2244;0.0883;0.1807;0.4487
-433035;4631755;0.1512;0.1507;0.1807;0.3023
-490676;4632820;0.2426;0.0377;0.1808;0.4853
-430917;4638308;0.1504;0.1549;0.1810;0.3008
-426950;4657534;0.1428;0.1626;0.1817;0.2857
-495997;4665830;0.3010;0.0272;0.1821;0.6020
-435557;4668972;0.1541;0.1458;0.1822;0.3082
-454699;4677559;0.1855;0.1082;0.1825;0.3711
-427919;4690601;0.1481;0.1607;0.1830;0.2962
-450513;4740066;0.1760;0.1164;0.1850;0.3520
-460187;4742888;0.2039;0.0975;0.1851;0.4078
-475562;4759391;0.2052;0.0673;0.1857;0.4104
-498133;4760736;0.2616;0.0230;0.1858;0.5232
-426078;4763310;0.1385;0.1644;0.1859;0.2770
-456783;4763974;0.1986;0.1041;0.1859;0.3972
-438632;4786396;0.1652;0.1397;0.1868;0.3304
-491417;4853727;0.2352;0.0362;0.1894;0.4704
-441564;4863958;0.1707;0.1340;0.1898;0.3413
-433376;4884562;0.1469;0.1500;0.1906;0.2938
-439666;4935643;0.1333;0.1377;0.1926;0.2666
-491699;4940618;0.2383;0.0357;0.1928;0.4765
-456922;4964896;0.2025;0.1039;0.1937;0.4050
-442845;4989754;0.1365;0.1315;0.1947;0.2730
-500938;4991114;0.2744;0.0175;0.1947;0.5488
-442875;5012525;0.1318;0.1314;0.1956;0.2636
-495259;5030131;0.2496;0.0287;0.1963;0.4992
-469800;5048766;0.1974;0.0786;0.1970;0.3947
-495927;5061575;0.2599;0.0274;0.1975;0.5199
-498958;5075106;0.2494;0.0214;0.1980;0.4988
-452378;5077617;0.1699;0.1128;0.1981;0.3399
-439066;5110756;0.1315;0.1389;0.1994;0.2631
-457910;5112282;0.1830;0.1019;0.1995;0.3661
-499421;5158216;0.2480;0.0205;0.2013;0.4960
-476635;5174985;0.2232;0.0652;0.2019;0.4464
-448083;5187042;0.1695;0.1212;0.2024;0.3389
-499815;5210951;0.2544;0.0197;0.2033;0.5087
-498098;5218928;0.2405;0.0231;0.2036;0.4809
-499282;5224002;0.2412;0.0208;0.2038;0.4825
-473418;5248415;0.1920;0.0715;0.2048;0.3839
-445905;5259334;0.1472;0.1255;0.2052;0.2944
-447198;5278437;0.1478;0.1229;0.2060;0.2956
-449491;5284765;0.1653;0.1184;0.2062;0.3306
-466057;5291565;0.1825;0.0859;0.2065;0.3650
-452923;5309153;0.1824;0.1117;0.2072;0.3648
-452995;5333868;0.1815;0.1116;0.2081;0.3630
-477535;5368021;0.2187;0.0634;0.2095;0.4373
-473836;5422251;0.1919;0.0707;0.2116;0.3837
-479618;5424487;0.2213;0.0593;0.2117;0.4426
-447108;5425474;0.1450;0.1231;0.2117;0.2901
-433409;5431414;0.1315;0.1500;0.2119;0.2630
-482954;5461067;0.2247;0.0528;0.2131;0.4494
-481224;5469868;0.2238;0.0562;0.2134;0.4477
-452430;5470532;0.1497;0.1127;0.2135;0.2993
-492882;5475368;0.2395;0.0333;0.2136;0.4790
-494811;5486092;0.2217;0.0295;0.2141;0.4435
-478589;5487886;0.2102;0.0614;0.2141;0.4204
-474402;5495042;0.2002;0.0696;0.2144;0.4003
-486707;5527291;0.2188;0.0454;0.2157;0.4375
-501482;5531643;0.2417;0.0165;0.2158;0.4834
-494918;5536460;0.2280;0.0293;0.2160;0.4561
-495110;5538260;0.2342;0.0290;0.2161;0.4685
-451244;5546856;0.1339;0.1150;0.2164;0.2678
-480154;5548443;0.2045;0.0583;0.2165;0.4089
-495512;5551138;0.2317;0.0282;0.2166;0.4634
-480541;5568655;0.2157;0.0575;0.2173;0.4313
-452716;5580169;0.1488;0.1121;0.2177;0.2976
-458903;5593619;0.1596;0.1000;0.2183;0.3191
-474556;5629872;0.1986;0.0693;0.2197;0.3973
-460324;5630480;0.1786;0.0972;0.2197;0.3573
-498008;5641600;0.2319;0.0233;0.2201;0.4638
-452893;5703306;0.1467;0.1118;0.2225;0.2934
-482714;5723080;0.2149;0.0533;0.2233;0.4297
-488030;5742479;0.1918;0.0428;0.2241;0.3836
-478770;5743131;0.1915;0.0610;0.2241;0.3830
-462932;5744724;0.1694;0.0921;0.2242;0.3389
-459515;5757757;0.1592;0.0988;0.2247;0.3184
-502268;5790386;0.2418;0.0149;0.2259;0.4835
-500928;5814665;0.2316;0.0176;0.2269;0.4633
-447947;5832965;0.1324;0.1215;0.2276;0.2648
-465120;5851805;0.1786;0.0878;0.2283;0.3572
-489909;5878256;0.1929;0.0392;0.2294;0.3858
-498768;5881057;0.2256;0.0218;0.2295;0.4512
-474248;5897375;0.1816;0.0699;0.2301;0.3631
-465167;5934433;0.1592;0.0877;0.2316;0.3185
-495350;5948053;0.2237;0.0285;0.2321;0.4475
-454866;5962588;0.1337;0.1079;0.2327;0.2673
-479896;5968217;0.1893;0.0588;0.2329;0.3787
-469815;5971860;0.1601;0.0786;0.2330;0.3202
-467984;5999359;0.1591;0.0822;0.2341;0.3182
-465174;6012832;0.1508;0.0877;0.2346;0.3016
-464454;6017793;0.1444;0.0891;0.2348;0.2887
-474242;6056183;0.1792;0.0699;0.2363;0.3584
-497127;6090999;0.2237;0.0250;0.2377;0.4475
-457207;6102612;0.1334;0.1033;0.2381;0.2669
-502891;6106613;0.2401;0.0137;0.2383;0.4801
-458839;6137955;0.1364;0.1001;0.2395;0.2729
-487888;6147028;0.1880;0.0431;0.2399;0.3759
-495318;6181118;0.2157;0.0286;0.2412;0.4314
-452766;6203240;0.1306;0.1120;0.2420;0.2613
-483853;6217682;0.1831;0.0510;0.2426;0.3661
-501077;6227098;0.2384;0.0173;0.2430;0.4768
-456816;6298033;0.1326;0.1041;0.2457;0.2653
-477568;6315592;0.1747;0.0634;0.2464;0.3495
-457203;6370051;0.1292;0.1033;0.2486;0.2584
-496670;6399011;0.2237;0.0259;0.2497;0.4474
-503145;6405364;0.2339;0.0132;0.2499;0.4679
-472149;6412287;0.1553;0.0740;0.2502;0.3106
-493183;6417576;0.2002;0.0327;0.2504;0.4003
-499426;6438036;0.2154;0.0205;0.2512;0.4308
-496196;6485939;0.1996;0.0268;0.2531;0.3992
-499724;6503052;0.2189;0.0199;0.2537;0.4377
-472929;6596007;0.1595;0.0725;0.2574;0.3190
-498485;6656288;0.2066;0.0223;0.2597;0.4133
-478041;6675500;0.1736;0.0624;0.2605;0.3472
-476098;6685908;0.1703;0.0662;0.2609;0.3405
-498535;6718341;0.2115;0.0222;0.2621;0.4229
-501050;6757488;0.2196;0.0173;0.2637;0.4392
-499260;6807621;0.2122;0.0208;0.2656;0.4244
-478031;6854793;0.1705;0.0625;0.2675;0.3410
-504170;6873877;0.2180;0.0112;0.2682;0.4359
-501772;6969320;0.2179;0.0159;0.2719;0.4357
-476300;7122452;0.1703;0.0659;0.2779;0.3405
-501918;7186488;0.2113;0.0156;0.2804;0.4227
-501396;7231781;0.2088;0.0166;0.2822;0.4176
-482737;7232959;0.1808;0.0532;0.2822;0.3615
-502381;7255370;0.2095;0.0147;0.2831;0.4189
-490994;7324756;0.1990;0.0370;0.2858;0.3980
-479079;7339997;0.1740;0.0604;0.2864;0.3479
-484879;7498603;0.1865;0.0490;0.2926;0.3731
-479079;7568572;0.1721;0.0604;0.2953;0.3443
-491777;7776163;0.1934;0.0355;0.3034;0.3869
-484769;7826513;0.1826;0.0492;0.3054;0.3652
-491204;8035192;0.1918;0.0366;0.3135;0.3835
