-421653;3346328;0.4638;0.1480;0.1956;0.9276
-420381;4431333;0.4590;0.1506;0.2590;0.9180
-420160;4101534;0.4610;0.1510;0.2397;0.9220
-420160;4103295;0.4606;0.1510;0.2398;0.9212
-420117;4758937;0.4526;0.1511;0.2781;0.9053
-419744;4195021;0.4520;0.1519;0.2452;0.9039
-419698;4815390;0.4519;0.1519;0.2814;0.9038
-419584;3916940;0.4575;0.1522;0.2289;0.9151
-419150;3664787;0.4598;0.1531;0.2142;0.9195
-418827;3400944;0.4583;0.1537;0.1988;0.9165
-418619;3897801;0.4549;0.1541;0.2278;0.9098
-418368;4021441;0.4493;0.1546;0.2350;0.8985
-418275;3733868;0.4575;0.1548;0.2182;0.9150
-417873;5582357;0.4462;0.1556;0.3262;0.8924
-417791;3224920;0.4689;0.1558;0.1885;0.9378
-417779;3840788;0.4556;0.1558;0.2245;0.9113
-417727;3187787;0.4628;0.1559;0.1863;0.9256
-417674;4715068;0.4486;0.1560;0.2756;0.8971
-416987;3382827;0.4571;0.1574;0.1977;0.9143
-416900;3512097;0.4564;0.1576;0.2053;0.9128
-416711;5446350;0.4462;0.1580;0.3183;0.8923
-416367;3969546;0.4507;0.1587;0.2320;0.9014
-416232;4240162;0.4456;0.1589;0.2478;0.8912
-415720;3794946;0.4514;0.1600;0.2218;0.9027
-415399;4168625;0.4478;0.1606;0.2436;0.8956
-415259;4218100;0.4460;0.1609;0.2465;0.8919
-415229;3717155;0.4541;0.1610;0.2172;0.9082
-415219;3364252;0.4605;0.1610;0.1966;0.9210
-415146;3778775;0.4532;0.1611;0.2208;0.9064
-415054;2852970;0.4735;0.1613;0.1667;0.9470
-414706;5270055;0.4426;0.1620;0.3080;0.8852
-414609;3763535;0.4489;0.1622;0.2199;0.8978
-414516;3495443;0.4517;0.1624;0.2043;0.9033
-414436;2561320;0.4724;0.1626;0.1497;0.9449
-414205;4351860;0.4411;0.1630;0.2543;0.8823
-413836;3367892;0.4502;0.1638;0.1968;0.9004
-413767;5020629;0.4395;0.1639;0.2934;0.8789
-413754;5359738;0.4394;0.1640;0.3132;0.8788
-413670;3098495;0.4674;0.1641;0.1811;0.9347
-413665;4188116;0.4461;0.1641;0.2448;0.8923
-413634;4177403;0.4444;0.1642;0.2441;0.8888
-413251;3152634;0.4654;0.1650;0.1842;0.9308
-413216;5048777;0.4389;0.1650;0.2951;0.8778
-413152;2911984;0.4704;0.1652;0.1702;0.9407
-413096;3271148;0.4616;0.1653;0.1912;0.9232
-413004;3097711;0.4642;0.1655;0.1810;0.9284
-412822;3485543;0.4442;0.1658;0.2037;0.8883
-412782;2547223;0.4743;0.1659;0.1489;0.9486
-412503;2918880;0.4582;0.1665;0.1706;0.9164
-412488;4662839;0.4361;0.1665;0.2725;0.8723
-411878;3281691;0.4506;0.1677;0.1918;0.9012
-411831;2499332;0.4701;0.1678;0.1461;0.9402
-411750;3168616;0.4573;0.1680;0.1852;0.9147
-411747;3203669;0.4498;0.1680;0.1872;0.8996
-411747;4263241;0.4392;0.1680;0.2491;0.8784
-411406;2796091;0.4697;0.1687;0.1634;0.9393
-411006;4574719;0.4364;0.1695;0.2674;0.8728
-410950;4257658;0.4399;0.1696;0.2488;0.8798
-410657;2629264;0.4652;0.1702;0.1537;0.9305
-410627;2495557;0.4769;0.1703;0.1458;0.9537
-410550;3199671;0.4562;0.1704;0.1870;0.9125
-410386;5122825;0.4358;0.1708;0.2994;0.8717
-410232;5325027;0.4338;0.1711;0.3112;0.8675
-410099;3774159;0.4425;0.1713;0.2206;0.8851
-409963;4617340;0.4350;0.1716;0.2698;0.8701
-409921;2772881;0.4647;0.1717;0.1620;0.9295
-409885;4171150;0.4380;0.1718;0.2438;0.8760
-409807;4830564;0.4346;0.1719;0.2823;0.8692
-409807;4835991;0.4345;0.1719;0.2826;0.8691
-409571;3163001;0.4568;0.1724;0.1848;0.9136
-409490;5745458;0.4324;0.1726;0.3358;0.8648
-409396;3738573;0.4427;0.1728;0.2185;0.8855
-409347;3198271;0.4549;0.1729;0.1869;0.9098
-408818;5159403;0.4320;0.1739;0.3015;0.8639
-408805;2688750;0.4603;0.1740;0.1571;0.9206
-408723;4143657;0.4423;0.1741;0.2422;0.8846
-408660;4292208;0.4349;0.1742;0.2508;0.8697
-408630;2428312;0.4804;0.1743;0.1419;0.9609
-408606;3137307;0.4568;0.1744;0.1833;0.9136
-408486;4020506;0.4413;0.1746;0.2350;0.8826
-408384;2344763;0.4677;0.1748;0.1370;0.9354
-408290;3579085;0.4382;0.1750;0.2092;0.8764
-408236;3285342;0.4479;0.1751;0.1920;0.8959
-408152;1779871;0.4805;0.1753;0.1040;0.9610
-408077;2505440;0.4663;0.1754;0.1464;0.9325
-408013;3265845;0.4471;0.1756;0.1909;0.8942
-407980;3936775;0.4365;0.1756;0.2301;0.8729
-407847;2242614;0.4738;0.1759;0.1311;0.9476
-407782;4276305;0.4354;0.1760;0.2499;0.8708
-407746;4197545;0.4320;0.1761;0.2453;0.8641
-407566;2499166;0.4593;0.1765;0.1461;0.9185
-407534;4018782;0.4337;0.1765;0.2349;0.8673
-407076;1723455;0.4841;0.1774;0.1007;0.9683
-406669;3926863;0.4376;0.1783;0.2295;0.8751
-406554;1603594;0.4774;0.1785;0.0937;0.9548
-406387;2337512;0.4728;0.1788;0.1366;0.9456
-406330;3389283;0.4388;0.1790;0.1981;0.8775
-406137;2863268;0.4559;0.1793;0.1673;0.9118
-406110;5431447;0.4310;0.1794;0.3174;0.8621
-406053;3078382;0.4477;0.1795;0.1799;0.8953
-405769;1853534;0.4773;0.1801;0.1083;0.9546
-405688;4698240;0.4305;0.1803;0.2746;0.8610
-405598;4400515;0.4289;0.1804;0.2572;0.8577
-405576;2963106;0.4554;0.1805;0.1732;0.9109
-405335;3345756;0.4426;0.1810;0.1955;0.8853
-405334;1573210;0.4810;0.1810;0.0919;0.9620
-405170;5515581;0.4249;0.1813;0.3223;0.8497
-404686;1942396;0.4749;0.1823;0.1135;0.9498
-404653;1481583;0.4769;0.1823;0.0866;0.9537
-404632;5204621;0.4245;0.1824;0.3042;0.8491
-404425;3005294;0.4492;0.1828;0.1756;0.8984
-404166;3861558;0.4367;0.1833;0.2257;0.8733
-404155;5131525;0.4243;0.1834;0.2999;0.8486
-404104;3489678;0.4310;0.1835;0.2039;0.8621
-404104;1713334;0.4763;0.1835;0.1001;0.9526
-404016;2479203;0.4589;0.1836;0.1449;0.9178
-403910;1781941;0.4737;0.1838;0.1041;0.9474
-403894;1418318;0.4781;0.1839;0.0829;0.9563
-403835;1456201;0.4775;0.1840;0.0851;0.9550
-403348;4304878;0.4267;0.1850;0.2516;0.8535
-403163;1399630;0.4787;0.1854;0.0818;0.9574
-403147;4083140;0.4290;0.1854;0.2386;0.8580
-402790;2761754;0.4530;0.1861;0.1614;0.9059
-402569;1635665;0.4761;0.1866;0.0956;0.9521
-402456;2318802;0.4723;0.1868;0.1355;0.9446
-402382;2321175;0.4674;0.1869;0.1357;0.9347
-402328;5794481;0.4239;0.1870;0.3386;0.8478
-402240;3731980;0.4265;0.1872;0.2181;0.8531
-401899;1388073;0.4859;0.1879;0.0811;0.9718
-401885;2754080;0.4562;0.1879;0.1610;0.9125
-401838;1357316;0.4881;0.1880;0.0793;0.9762
-401790;5483521;0.4236;0.1881;0.3205;0.8472
-401728;2338102;0.4659;0.1883;0.1366;0.9319
-401565;1295206;0.4856;0.1886;0.0757;0.9712
-401245;1308486;0.4849;0.1892;0.0765;0.9698
-401029;4853699;0.4252;0.1897;0.2837;0.8505
-400994;1365753;0.4812;0.1897;0.0798;0.9623
-400803;3078710;0.4460;0.1901;0.1799;0.8921
-400740;1641582;0.4760;0.1903;0.0959;0.9521
-400544;2216715;0.4719;0.1906;0.1295;0.9438
-400423;1719295;0.4738;0.1909;0.1005;0.9476
-400050;3689648;0.4308;0.1916;0.2156;0.8616
-400001;1235755;0.4862;0.1917;0.0722;0.9724
-399991;1647155;0.4751;0.1918;0.0963;0.9501
-399799;1351645;0.4837;0.1922;0.0790;0.9674
-399786;1613427;0.4733;0.1922;0.0943;0.9466
-399768;1208433;0.4837;0.1922;0.0706;0.9673
-399734;4696369;0.4257;0.1923;0.2745;0.8515
-399635;4471833;0.4261;0.1925;0.2613;0.8522
-399504;1340548;0.4828;0.1927;0.0783;0.9656
-399215;4528174;0.4204;0.1933;0.2646;0.8407
-398934;1933068;0.4699;0.1939;0.1130;0.9397
-398774;3276396;0.4300;0.1942;0.1915;0.8600
-398669;1494483;0.4749;0.1944;0.0873;0.9498
-398594;2346932;0.4625;0.1946;0.1372;0.9250
-398579;4078887;0.4208;0.1946;0.2384;0.8415
-398378;3986029;0.4197;0.1950;0.2329;0.8395
-398370;1080830;0.4837;0.1950;0.0632;0.9673
-398329;3119014;0.4332;0.1951;0.1823;0.8664
-398251;1300194;0.4795;0.1953;0.0760;0.9590
-397745;1237950;0.4835;0.1963;0.0723;0.9669
-397708;1885632;0.4729;0.1964;0.1102;0.9459
-397665;1231857;0.4836;0.1965;0.0720;0.9672
-397640;1291946;0.4782;0.1965;0.0755;0.9565
-397457;1035780;0.4835;0.1969;0.0605;0.9671
-397149;3565928;0.4293;0.1975;0.2084;0.8587
-396789;2312372;0.4613;0.1982;0.1351;0.9227
-396663;1002920;0.4820;0.1985;0.0586;0.9639
-396647;2758267;0.4506;0.1985;0.1612;0.9011
-396554;2691018;0.4576;0.1987;0.1573;0.9153
-396525;1240169;0.4814;0.1988;0.0725;0.9628
-396185;1170167;0.4805;0.1995;0.0684;0.9611
-396161;1246696;0.4798;0.1995;0.0729;0.9596
-396000;1601277;0.4732;0.1998;0.0936;0.9463
-395811;1441705;0.4774;0.2002;0.0843;0.9549
-395712;4799282;0.4164;0.2004;0.2805;0.8328
-395629;1815417;0.4722;0.2006;0.1061;0.9444
-395585;1542583;0.4717;0.2007;0.0902;0.9435
-395577;959323;0.4804;0.2007;0.0561;0.9607
-395559;1535486;0.4749;0.2007;0.0897;0.9498
-395400;1470757;0.4754;0.2010;0.0860;0.9508
-395264;4909204;0.4154;0.2013;0.2869;0.8308
-395047;2622578;0.4513;0.2018;0.1533;0.9026
-394926;1241509;0.4786;0.2020;0.0726;0.9573
-394919;3011382;0.4385;0.2020;0.1760;0.8769
-394240;2089191;0.4646;0.2034;0.1221;0.9293
-394203;1823804;0.4705;0.2035;0.1066;0.9410
-394042;1189854;0.4782;0.2038;0.0695;0.9564
-393931;4139417;0.4172;0.2040;0.2419;0.8344
-393690;1542407;0.4737;0.2045;0.0901;0.9473
-393534;1419756;0.4779;0.2048;0.0830;0.9558
-393286;3803387;0.4263;0.2053;0.2223;0.8527
-393279;3840573;0.4231;0.2053;0.2244;0.8463
-393176;2842810;0.4403;0.2055;0.1661;0.8806
-393011;871650;0.4817;0.2059;0.0509;0.9635
-392890;2981204;0.4289;0.2061;0.1742;0.8579
-392840;2061625;0.4678;0.2062;0.1205;0.9355
-392522;1947534;0.4698;0.2069;0.1138;0.9396
-392416;3893973;0.4224;0.2071;0.2276;0.8448
-392416;3919990;0.4184;0.2071;0.2291;0.8367
-392356;925033;0.4799;0.2072;0.0541;0.9598
-392311;2902452;0.4359;0.2073;0.1696;0.8719
-392296;1410390;0.4767;0.2073;0.0824;0.9534
-392290;2191925;0.4607;0.2073;0.1281;0.9214
-392222;2443447;0.4439;0.2075;0.1428;0.8877
-392208;1163347;0.4796;0.2075;0.0680;0.9592
-391885;2114193;0.4571;0.2081;0.1236;0.9141
-391571;3782826;0.4257;0.2088;0.2211;0.8513
-391531;1497087;0.4744;0.2089;0.0875;0.9488
-391511;1903751;0.4683;0.2089;0.1113;0.9365
-391464;3643665;0.4160;0.2090;0.2129;0.8319
-391453;4058817;0.4136;0.2090;0.2372;0.8271
-391169;1801284;0.4698;0.2096;0.1053;0.9396
-390994;4043480;0.4147;0.2099;0.2363;0.8294
-390850;777330;0.4843;0.2102;0.0454;0.9685
-390729;1179459;0.4760;0.2105;0.0689;0.9521
-390712;2112474;0.4640;0.2105;0.1235;0.9281
-390625;3950083;0.4073;0.2107;0.2308;0.8147
-390556;1527240;0.4741;0.2108;0.0893;0.9481
-390305;2058631;0.4651;0.2113;0.1203;0.9302
-389859;873241;0.4813;0.2122;0.0510;0.9626
-389685;1833729;0.4619;0.2126;0.1072;0.9238
-389670;1741347;0.4682;0.2126;0.1018;0.9365
-389644;1959552;0.4617;0.2127;0.1145;0.9233
-389603;1078761;0.4791;0.2128;0.0630;0.9582
-389578;3205868;0.4188;0.2128;0.1874;0.8376
-389502;1061858;0.4771;0.2130;0.0621;0.9543
-389021;841680;0.4813;0.2139;0.0492;0.9625
-388469;843175;0.4799;0.2150;0.0493;0.9597
-388316;1414149;0.4755;0.2154;0.0826;0.9511
-387992;1827536;0.4669;0.2160;0.1068;0.9338
-387930;1023592;0.4795;0.2161;0.0598;0.9590
-387911;974876;0.4775;0.2162;0.0570;0.9550
-387600;2336584;0.4564;0.2168;0.1366;0.9128
-387559;801417;0.4813;0.2169;0.0468;0.9626
-387359;3838020;0.4126;0.2173;0.2243;0.8253
-387341;2007917;0.4607;0.2173;0.1173;0.9213
-386938;3079904;0.4265;0.2181;0.1800;0.8530
-386724;870909;0.4790;0.2186;0.0509;0.9580
-386669;1617998;0.4660;0.2187;0.0946;0.9321
-386669;1786032;0.4654;0.2187;0.1044;0.9308
-386152;831959;0.4797;0.2197;0.0486;0.9593
-386024;5107758;0.4060;0.2200;0.2985;0.8120
-386011;3610764;0.4153;0.2200;0.2110;0.8306
-385748;724558;0.4857;0.2205;0.0423;0.9714
-385714;2702726;0.4272;0.2206;0.1579;0.8543
-385674;1457837;0.4698;0.2207;0.0852;0.9395
-385400;3588913;0.4185;0.2212;0.2097;0.8370
-385370;1047642;0.4775;0.2213;0.0612;0.9549
-385262;1237831;0.4751;0.2215;0.0723;0.9502
-385136;787229;0.4816;0.2218;0.0460;0.9632
-385090;801984;0.4796;0.2219;0.0469;0.9593
-385005;775433;0.4793;0.2220;0.0453;0.9586
-384889;4713875;0.4066;0.2223;0.2755;0.8133
-384695;3741249;0.4115;0.2227;0.2186;0.8230
-384637;3186447;0.4254;0.2228;0.1862;0.8509
-384237;3498878;0.4158;0.2236;0.2045;0.8317
-384230;731017;0.4791;0.2236;0.0427;0.9583
-384097;933756;0.4788;0.2239;0.0546;0.9576
-384042;1554104;0.4675;0.2240;0.0908;0.9351
-384033;937333;0.4781;0.2240;0.0548;0.9562
-383967;686737;0.4782;0.2241;0.0401;0.9563
-383697;1355267;0.4734;0.2247;0.0792;0.9468
-383545;5049853;0.4047;0.2250;0.2951;0.8093
-383542;812326;0.4770;0.2250;0.0475;0.9541
-383407;4335143;0.4028;0.2253;0.2533;0.8056
-383279;1390802;0.4685;0.2255;0.0813;0.9371
-383201;1974515;0.4593;0.2257;0.1154;0.9186
-383165;3902172;0.4108;0.2258;0.2280;0.8217
-383086;1104722;0.4757;0.2259;0.0646;0.9515
-382762;1133383;0.4743;0.2266;0.0662;0.9486
-382661;697202;0.4781;0.2268;0.0407;0.9562
-382504;940764;0.4770;0.2271;0.0550;0.9540
-382503;1071705;0.4757;0.2271;0.0626;0.9515
-382488;4659106;0.4012;0.2271;0.2723;0.8024
-382238;2499892;0.4400;0.2276;0.1461;0.8800
-382187;3138832;0.4192;0.2277;0.1834;0.8383
-382186;750307;0.4769;0.2277;0.0438;0.9539
-382183;1108831;0.4748;0.2277;0.0648;0.9497
-382132;1351945;0.4717;0.2279;0.0790;0.9435
-382010;1092174;0.4753;0.2281;0.0638;0.9507
-381758;3075228;0.4249;0.2286;0.1797;0.8497
-381652;1814928;0.4620;0.2288;0.1061;0.9239
-381631;980787;0.4733;0.2289;0.0573;0.9466
-381563;3156554;0.4163;0.2290;0.1845;0.8325
-381157;3891799;0.4020;0.2298;0.2274;0.8041
-381084;970323;0.4764;0.2300;0.0567;0.9528
-380917;2362436;0.4507;0.2303;0.1381;0.9013
-380786;962280;0.4745;0.2306;0.0562;0.9491
-380558;1752077;0.4636;0.2310;0.1024;0.9272
-380434;1346469;0.4718;0.2313;0.0787;0.9436
-380252;730471;0.4772;0.2316;0.0427;0.9545
-380136;2045582;0.4542;0.2319;0.1195;0.9084
-380097;1932847;0.4585;0.2320;0.1130;0.9169
-380096;3806472;0.4084;0.2320;0.2225;0.8168
-379861;1008635;0.4707;0.2324;0.0589;0.9414
-379800;1751726;0.4630;0.2326;0.1024;0.9260
-379662;1737048;0.4618;0.2328;0.1015;0.9236
-379620;902039;0.4759;0.2329;0.0527;0.9519
-379567;639067;0.4801;0.2330;0.0373;0.9602
-379492;1036540;0.4694;0.2332;0.0606;0.9388
-379384;595858;0.4751;0.2334;0.0348;0.9501
-379211;3723663;0.4129;0.2338;0.2176;0.8259
-378956;2649351;0.4302;0.2343;0.1548;0.8604
-378952;2029050;0.4555;0.2343;0.1186;0.9111
-378949;750311;0.4742;0.2343;0.0438;0.9484
-378834;4427699;0.3965;0.2345;0.2588;0.7931
-378736;3800239;0.4091;0.2347;0.2221;0.8181
-378696;3036243;0.4228;0.2348;0.1774;0.8455
-378606;3645119;0.4120;0.2350;0.2130;0.8241
-378396;854879;0.4736;0.2354;0.0500;0.9471
-378277;1228387;0.4694;0.2356;0.0718;0.9387
-378177;1923127;0.4617;0.2358;0.1124;0.9235
-378108;3034899;0.4164;0.2360;0.1774;0.8329
-377961;822162;0.4741;0.2363;0.0480;0.9483
-377842;1692383;0.4651;0.2365;0.0989;0.9302
-377706;671328;0.4725;0.2368;0.0392;0.9450
-377606;1595502;0.4647;0.2370;0.0932;0.9293
-377303;1488164;0.4684;0.2376;0.0870;0.9368
-377271;573339;0.4777;0.2377;0.0335;0.9554
-377096;781648;0.4718;0.2380;0.0457;0.9437
-376965;2012902;0.4474;0.2383;0.1176;0.8948
-376920;646321;0.4735;0.2384;0.0378;0.9471
-376728;566116;0.4786;0.2388;0.0331;0.9572
-376680;2950571;0.4233;0.2389;0.1724;0.8467
-376626;3598770;0.3996;0.2390;0.2103;0.7992
-376614;1988169;0.4579;0.2390;0.1162;0.9157
-376602;3424426;0.4142;0.2390;0.2001;0.8284
-376533;639143;0.4742;0.2392;0.0374;0.9483
-376466;1734851;0.4633;0.2393;0.1014;0.9265
-376419;1849223;0.4601;0.2394;0.1081;0.9202
-376285;3250805;0.4091;0.2397;0.1900;0.8182
-376096;2434850;0.4452;0.2400;0.1423;0.8905
-375908;594972;0.4753;0.2404;0.0348;0.9506
-375861;725090;0.4719;0.2405;0.0424;0.9437
-375819;2817968;0.4269;0.2406;0.1647;0.8538
-375744;1867174;0.4574;0.2408;0.1091;0.9147
-375728;3759053;0.3935;0.2408;0.2197;0.7870
-375653;2263663;0.4366;0.2409;0.1323;0.8733
-375469;2806544;0.4173;0.2413;0.1640;0.8346
-375210;747119;0.4699;0.2418;0.0437;0.9398
-375037;2228237;0.4467;0.2422;0.1302;0.8933
-374955;3207350;0.4065;0.2424;0.1874;0.8130
-374732;497541;0.4755;0.2428;0.0291;0.9510
-374730;516644;0.4720;0.2428;0.0302;0.9439
-374565;511514;0.4720;0.2431;0.0299;0.9439
-374324;689300;0.4708;0.2436;0.0403;0.9417
-374138;802258;0.4692;0.2440;0.0469;0.9384
-374114;1650736;0.4570;0.2441;0.0965;0.9140
-374054;2753522;0.4211;0.2442;0.1609;0.8422
-373915;2239073;0.4448;0.2445;0.1309;0.8896
-373912;723775;0.4683;0.2445;0.0423;0.9367
-373796;2612430;0.4207;0.2447;0.1527;0.8414
-373582;809544;0.4682;0.2451;0.0473;0.9363
-373574;674576;0.4700;0.2451;0.0394;0.9400
-373561;620109;0.4701;0.2452;0.0362;0.9401
-373531;1915989;0.4564;0.2452;0.1120;0.9128
-373511;1521784;0.4680;0.2453;0.0889;0.9361
-373267;1638124;0.4630;0.2458;0.0957;0.9260
-373182;2932113;0.4159;0.2459;0.1714;0.8317
-373024;4458665;0.3924;0.2463;0.2606;0.7848
-372887;586985;0.4693;0.2465;0.0343;0.9386
-372517;2899074;0.4150;0.2473;0.1694;0.8299
-372397;3028858;0.4140;0.2475;0.1770;0.8280
-372343;1574788;0.4674;0.2476;0.0920;0.9349
-372262;1501813;0.4651;0.2478;0.0878;0.9302
-372208;820919;0.4675;0.2479;0.0480;0.9351
-372171;495606;0.4724;0.2480;0.0290;0.9449
-372106;2568955;0.4322;0.2481;0.1501;0.8645
-371937;929247;0.4672;0.2485;0.0543;0.9344
-371876;505243;0.4707;0.2486;0.0295;0.9414
-371855;2073918;0.4411;0.2486;0.1212;0.8821
-371842;451571;0.4735;0.2486;0.0264;0.9469
-371778;3517374;0.4047;0.2488;0.2056;0.8094
-371706;1611995;0.4623;0.2489;0.0942;0.9245
-371397;2197990;0.4373;0.2495;0.1285;0.8747
-371385;681212;0.4654;0.2496;0.0398;0.9307
-371204;3169059;0.3942;0.2499;0.1852;0.7884
-371134;494310;0.4720;0.2501;0.0289;0.9440
-370995;379908;0.4671;0.2504;0.0222;0.9341
-370883;1886779;0.4553;0.2506;0.1103;0.9106
-370628;1817950;0.4565;0.2511;0.1062;0.9130
-370555;2100017;0.4400;0.2512;0.1227;0.8800
-370076;3979273;0.3909;0.2522;0.2326;0.7819
-369908;1789651;0.4548;0.2526;0.1046;0.9097
-369674;952054;0.4644;0.2530;0.0556;0.9288
-369646;1475321;0.4635;0.2531;0.0862;0.9271
-369479;374102;0.4721;0.2534;0.0219;0.9442
-369326;3164246;0.4095;0.2537;0.1849;0.8190
-369162;3054296;0.4034;0.2541;0.1785;0.8068
-369092;354168;0.4673;0.2542;0.0207;0.9346
-368708;3022780;0.4116;0.2550;0.1767;0.8232
-368625;2879704;0.4146;0.2551;0.1683;0.8293
-368524;1693985;0.4562;0.2553;0.0990;0.9123
-368380;1892202;0.4534;0.2556;0.1106;0.9069
-368375;330318;0.4626;0.2556;0.0193;0.9252
-368287;2532634;0.4286;0.2558;0.1480;0.8572
-368156;2518911;0.4314;0.2561;0.1472;0.8628
-367800;2962503;0.4107;0.2568;0.1731;0.8213
-367777;1856820;0.4539;0.2569;0.1085;0.9077
-367751;2738295;0.4201;0.2569;0.1600;0.8402
-367747;2745790;0.4172;0.2569;0.1605;0.8345
-367666;2406854;0.4165;0.2571;0.1407;0.8330
-367316;2421795;0.4143;0.2578;0.1415;0.8286
-367291;1917235;0.4364;0.2578;0.1120;0.8727
-367102;1458001;0.4606;0.2582;0.0852;0.9212
-366442;468458;0.4582;0.2596;0.0274;0.9163
-366368;2268085;0.4326;0.2597;0.1325;0.8653
-366091;321979;0.4626;0.2603;0.0188;0.9252
-366048;318057;0.4644;0.2604;0.0186;0.9289
-365859;2348003;0.4293;0.2607;0.1372;0.8585
-365664;3647695;0.3937;0.2611;0.2132;0.7873
-365570;2327464;0.4304;0.2613;0.1360;0.8609
-365322;2777099;0.4121;0.2618;0.1623;0.8243
-365293;349589;0.4619;0.2619;0.0204;0.9237
-365273;1817859;0.4547;0.2619;0.1062;0.9093
-365270;2645565;0.4031;0.2619;0.1546;0.8063
-365084;2195628;0.4353;0.2623;0.1283;0.8706
-365046;302954;0.4643;0.2624;0.0177;0.9286
-365039;362185;0.4610;0.2624;0.0212;0.9221
-364692;335480;0.4610;0.2631;0.0196;0.9221
-364571;277077;0.4659;0.2633;0.0162;0.9318
-364448;1598050;0.4527;0.2636;0.0934;0.9054
-364413;244542;0.4595;0.2637;0.0143;0.9189
-364157;4972262;0.3896;0.2642;0.2906;0.7793
-363665;3112907;0.4028;0.2652;0.1819;0.8056
-363619;304204;0.4587;0.2653;0.0178;0.9174
-363492;1529751;0.4571;0.2655;0.0894;0.9142
-363439;2988474;0.3915;0.2656;0.1746;0.7830
-363410;2602965;0.4072;0.2657;0.1521;0.8144
-363211;265069;0.4595;0.2661;0.0155;0.9189
-362687;261322;0.4594;0.2671;0.0153;0.9187
-362685;3335760;0.3897;0.2671;0.1949;0.7793
-362672;0;0.4496;0.2672;-0.0000;0.8992
-362638;0;0.4496;0.2672;-0.0000;0.8992
-362453;2929800;0.3997;0.2676;0.1712;0.7993
-361942;2900347;0.3974;0.2686;0.1695;0.7948
-361913;2219661;0.4349;0.2687;0.1297;0.8698
-361793;2210378;0.4238;0.2689;0.1292;0.8476
-361648;5102370;0.3842;0.2692;0.2982;0.7684
-361377;2585608;0.3998;0.2698;0.1511;0.7996
-361234;3618983;0.3830;0.2701;0.2115;0.7661
-361161;2918415;0.3964;0.2702;0.1706;0.7928
-360946;2361004;0.4231;0.2707;0.1380;0.8463
-360826;2479457;0.4021;0.2709;0.1449;0.8042
-360753;1846859;0.4345;0.2710;0.1079;0.8689
-360558;2115049;0.4146;0.2714;0.1236;0.8291
-360151;2734628;0.3892;0.2723;0.1598;0.7784
-359703;3490166;0.3773;0.2732;0.2040;0.7547
-359668;2288018;0.4122;0.2732;0.1337;0.8243
-359572;3360240;0.3886;0.2734;0.1964;0.7771
-359263;2079628;0.4323;0.2741;0.1215;0.8646
-359058;1948031;0.4326;0.2745;0.1138;0.8652
-358965;3452085;0.3772;0.2747;0.2017;0.7543
-358658;2097321;0.4271;0.2753;0.1226;0.8543
-358637;2083625;0.4253;0.2753;0.1218;0.8506
-358038;3405033;0.3826;0.2765;0.1990;0.7652
-357842;1905616;0.4263;0.2769;0.1114;0.8525
-357789;2473775;0.4017;0.2770;0.1446;0.8035
-357669;2073307;0.4247;0.2773;0.1212;0.8493
-357650;3241627;0.3751;0.2773;0.1894;0.7501
-357498;2032514;0.4191;0.2776;0.1188;0.8381
-357100;2561736;0.3901;0.2784;0.1497;0.7801
-356296;1841297;0.4357;0.2801;0.1076;0.8713
-356169;3394067;0.3731;0.2803;0.1984;0.7463
-356061;2451690;0.4048;0.2805;0.1433;0.8097
-355634;2445199;0.4096;0.2814;0.1429;0.8192
-355562;3232514;0.3804;0.2815;0.1889;0.7608
-355468;3136480;0.3891;0.2817;0.1833;0.7781
-355376;0;0.4463;0.2819;-0.0000;0.8925
-355186;3029625;0.3816;0.2823;0.1771;0.7633
-355149;2439631;0.3990;0.2824;0.1426;0.7980
-355081;1955556;0.4230;0.2825;0.1143;0.8461
-355014;3084893;0.3774;0.2826;0.1803;0.7548
-355003;2514475;0.3975;0.2827;0.1469;0.7951
-354800;1857241;0.4298;0.2831;0.1085;0.8595
-354681;3490166;0.3720;0.2833;0.2040;0.7441
-354185;3120130;0.3725;0.2843;0.1823;0.7451
-353822;1793344;0.4398;0.2851;0.1048;0.8797
-353733;2775077;0.3889;0.2852;0.1622;0.7777
-353656;1952596;0.4191;0.2854;0.1141;0.8381
-353486;2406660;0.4081;0.2857;0.1406;0.8162
-353192;2625499;0.3854;0.2863;0.1534;0.7708
-353051;0;0.4403;0.2866;-0.0000;0.8805
-351944;2965488;0.3837;0.2888;0.1733;0.7674
-351840;1718738;0.4364;0.2891;0.1004;0.8727
-351739;2933762;0.3850;0.2893;0.1715;0.7700
-351600;2152423;0.4045;0.2895;0.1258;0.8090
-351143;2288655;0.4027;0.2905;0.1338;0.8053
-351031;2213441;0.3978;0.2907;0.1294;0.7956
-350514;1814598;0.4340;0.2917;0.1060;0.8679
-350438;3413490;0.3612;0.2919;0.1995;0.7223
-350140;0;0.4392;0.2925;-0.0000;0.8784
-350083;1979742;0.4186;0.2926;0.1157;0.8372
-349906;3066311;0.3754;0.2930;0.1792;0.7509
-349272;2936051;0.3812;0.2942;0.1716;0.7624
-349261;2606951;0.3812;0.2943;0.1524;0.7624
-349197;3338375;0.3621;0.2944;0.1951;0.7243
-349109;3093951;0.3703;0.2946;0.1808;0.7406
-349044;2120410;0.4082;0.2947;0.1239;0.8164
-348900;2086678;0.4111;0.2950;0.1219;0.8222
-348838;3026032;0.3780;0.2951;0.1768;0.7560
-348591;2975201;0.3745;0.2956;0.1739;0.7491
-348321;1893701;0.4292;0.2962;0.1107;0.8584
-348042;1818094;0.4300;0.2967;0.1063;0.8600
-347982;3243073;0.3591;0.2969;0.1895;0.7182
-347894;2876579;0.3775;0.2970;0.1681;0.7550
-346956;3189253;0.3685;0.2989;0.1864;0.7371
-346750;1923029;0.4234;0.2993;0.1124;0.8468
-346563;2603858;0.3853;0.2997;0.1522;0.7707
-346549;1948928;0.4218;0.2998;0.1139;0.8435
-346484;2164853;0.3987;0.2999;0.1265;0.7973
-346434;2538875;0.3859;0.3000;0.1484;0.7719
-346010;2079286;0.4182;0.3008;0.1215;0.8364
-345920;2823304;0.3765;0.3010;0.1650;0.7530
-345902;2699753;0.3802;0.3011;0.1578;0.7605
-345608;2073218;0.4096;0.3017;0.1212;0.8192
-345456;2383614;0.3954;0.3020;0.1393;0.7908
-344986;2321352;0.3968;0.3029;0.1357;0.7937
-344842;2069073;0.4087;0.3032;0.1209;0.8174
-344759;2510703;0.3887;0.3034;0.1467;0.7774
-344557;2329454;0.3934;0.3038;0.1361;0.7868
-344416;3329171;0.3573;0.3041;0.1946;0.7145
-343956;2005469;0.4137;0.3050;0.1172;0.8273
-343580;0;0.4315;0.3058;-0.0000;0.8630
-343343;3027722;0.3723;0.3062;0.1769;0.7446
-342916;2064045;0.4121;0.3071;0.1206;0.8242
-342824;2781941;0.3766;0.3073;0.1626;0.7532
-342695;2243878;0.3913;0.3075;0.1311;0.7827
-342153;0;0.4290;0.3086;-0.0000;0.8581
-342080;2720976;0.3798;0.3088;0.1590;0.7597
-342071;2911597;0.3720;0.3088;0.1702;0.7441
-341874;2654230;0.3769;0.3092;0.1551;0.7538
-341833;2668455;0.3751;0.3093;0.1559;0.7502
-341432;2177167;0.3962;0.3101;0.1272;0.7923
-341391;0;0.4242;0.3102;-0.0000;0.8483
-340744;2204049;0.3953;0.3115;0.1288;0.7906
-340739;1992368;0.4126;0.3115;0.1164;0.8252
-340639;0;0.4226;0.3117;-0.0000;0.8452
-340609;2153907;0.3991;0.3118;0.1259;0.7982
-340335;2224947;0.3948;0.3123;0.1300;0.7896
-340264;1967262;0.4179;0.3125;0.1150;0.8358
-340233;2270493;0.3909;0.3125;0.1327;0.7818
-340028;2489433;0.3888;0.3129;0.1455;0.7777
-340001;3042911;0.3653;0.3130;0.1778;0.7307
-339974;2880811;0.3709;0.3130;0.1684;0.7418
-339805;2297112;0.3858;0.3134;0.1342;0.7716
-339791;1909782;0.4220;0.3134;0.1116;0.8440
-339673;4097413;0.3485;0.3136;0.2395;0.6971
-339214;2805155;0.3740;0.3146;0.1639;0.7479
-339039;1992214;0.4109;0.3149;0.1164;0.8219
-338607;2714325;0.3690;0.3158;0.1586;0.7380
-338501;0;0.4156;0.3160;-0.0000;0.8311
-338478;1985084;0.4065;0.3161;0.1160;0.8130
-338208;3123031;0.3537;0.3166;0.1825;0.7074
-337927;2256108;0.3909;0.3172;0.1318;0.7818
-336888;3067391;0.3641;0.3193;0.1793;0.7281
-336636;2105003;0.4047;0.3198;0.1230;0.8094
-336617;3315994;0.3535;0.3198;0.1938;0.7071
-336543;4144283;0.3409;0.3200;0.2422;0.6819
-336456;0;0.4136;0.3201;-0.0000;0.8271
-336370;3029458;0.3602;0.3203;0.1770;0.7203
-336277;2635321;0.3714;0.3205;0.1540;0.7428
-335911;3109871;0.3492;0.3212;0.1817;0.6984
-335847;2278076;0.3876;0.3214;0.1331;0.7753
-335577;2180247;0.3941;0.3219;0.1274;0.7882
-335502;2634293;0.3776;0.3221;0.1540;0.7552
-335364;3099831;0.3583;0.3224;0.1812;0.7166
-335327;2932925;0.3655;0.3224;0.1714;0.7311
-335285;2902481;0.3644;0.3225;0.1696;0.7289
-335244;2309607;0.3821;0.3226;0.1350;0.7642
-335099;2053304;0.3956;0.3229;0.1200;0.7911
-334781;2197570;0.3935;0.3235;0.1284;0.7870
-334353;0;0.4109;0.3244;-0.0000;0.8218
-333948;2971396;0.3603;0.3252;0.1737;0.7207
-333854;3428796;0.3436;0.3254;0.2004;0.6873
-333663;2005208;0.4055;0.3258;0.1172;0.8109
-333353;0;0.4088;0.3264;-0.0000;0.8175
-332969;2267362;0.3880;0.3272;0.1325;0.7761
-332967;3818651;0.3422;0.3272;0.2232;0.6844
-332945;0;0.4072;0.3272;-0.0000;0.8143
-332879;2495986;0.3762;0.3274;0.1459;0.7524
-331947;2337823;0.3820;0.3293;0.1366;0.7639
-331923;2536412;0.3734;0.3293;0.1482;0.7467
-331824;2494903;0.3766;0.3295;0.1458;0.7532
-331690;2964805;0.3639;0.3298;0.1733;0.7278
-331657;2024700;0.4010;0.3298;0.1183;0.8019
-331173;0;0.4058;0.3308;-0.0000;0.8115
-331090;2256453;0.3907;0.3310;0.1319;0.7813
-330915;0;0.4049;0.3313;-0.0000;0.8098
-330873;2237465;0.3891;0.3314;0.1308;0.7781
-330693;2041757;0.3985;0.3318;0.1193;0.7970
-330531;2827710;0.3689;0.3321;0.1653;0.7379
-330473;2223379;0.3922;0.3322;0.1299;0.7844
-330255;2179634;0.3930;0.3327;0.1274;0.7860
-330203;2887382;0.3681;0.3328;0.1687;0.7363
-329960;0;0.4021;0.3333;-0.0000;0.8042
-329519;2328575;0.3722;0.3342;0.1361;0.7444
-329267;2760527;0.3674;0.3347;0.1613;0.7348
-329044;0;0.4008;0.3351;-0.0000;0.8016
-328602;2881900;0.3643;0.3360;0.1684;0.7286
-328541;2174596;0.3923;0.3361;0.1271;0.7845
-328418;2603250;0.3653;0.3364;0.1521;0.7307
-328226;0;0.3997;0.3368;-0.0000;0.7993
-328201;2838897;0.3637;0.3368;0.1659;0.7274
-327962;2183112;0.3909;0.3373;0.1276;0.7817
-327738;0;0.3993;0.3378;-0.0000;0.7985
-327476;0;0.3983;0.3383;-0.0000;0.7967
-327190;2563993;0.3702;0.3389;0.1498;0.7404
-327116;2899998;0.3570;0.3390;0.1695;0.7139
-326778;0;0.3968;0.3397;-0.0000;0.7936
-326495;2233444;0.3888;0.3403;0.1305;0.7775
-326272;2749336;0.3633;0.3407;0.1607;0.7266
-326223;2123514;0.3945;0.3408;0.1241;0.7890
-326028;0;0.3955;0.3412;-0.0000;0.7910
-325791;2575032;0.3681;0.3417;0.1505;0.7363
-325610;2303465;0.3855;0.3421;0.1346;0.7710
-325417;2871884;0.3516;0.3425;0.1678;0.7032
-325399;2027358;0.3928;0.3425;0.1185;0.7856
-325102;0;0.3943;0.3431;-0.0000;0.7887
-324980;2288994;0.3829;0.3433;0.1338;0.7658
-324352;0;0.3930;0.3446;-0.0000;0.7860
-324199;2570991;0.3639;0.3449;0.1503;0.7277
-323979;0;0.3930;0.3454;-0.0000;0.7860
-323956;2760527;0.3626;0.3454;0.1613;0.7253
-323790;2852621;0.3540;0.3457;0.1667;0.7080
-323693;2836995;0.3555;0.3459;0.1658;0.7110
-323551;2899998;0.3513;0.3462;0.1695;0.7027
-323341;0;0.3914;0.3466;-0.0000;0.7827
-322816;0;0.3900;0.3477;-0.0000;0.7800
-322596;3210907;0.3462;0.3482;0.1876;0.6925
-322432;2256018;0.3830;0.3485;0.1318;0.7659
-321825;2253828;0.3872;0.3497;0.1317;0.7744
-321635;0;0.3889;0.3501;-0.0000;0.7779
-321474;2038766;0.3835;0.3504;0.1191;0.7670
-321437;2305963;0.3829;0.3505;0.1348;0.7657
-320993;0;0.3874;0.3514;-0.0000;0.7749
-320945;2687349;0.3496;0.3515;0.1571;0.6992
-320797;0;0.3874;0.3518;-0.0000;0.7749
-320732;0;0.3870;0.3519;-0.0000;0.7741
-320611;2920206;0.3433;0.3522;0.1707;0.6866
-320373;0;0.3857;0.3526;-0.0000;0.7714
-320047;2555352;0.3717;0.3533;0.1493;0.7434
-319468;0;0.3843;0.3545;-0.0000;0.7686
-319280;0;0.3843;0.3549;-0.0000;0.7686
-319080;2526787;0.3640;0.3553;0.1477;0.7279
-318744;3264661;0.3400;0.3559;0.1908;0.6800
-318697;0;0.3831;0.3560;-0.0000;0.7662
-318377;0;0.3831;0.3567;-0.0000;0.7661
-318299;2662771;0.3604;0.3568;0.1556;0.7209
-318270;0;0.3827;0.3569;-0.0000;0.7653
-318203;2287970;0.3776;0.3570;0.1337;0.7551
-317947;0;0.3817;0.3575;-0.0000;0.7634
-317616;0;0.3817;0.3582;-0.0000;0.7634
-317604;0;0.3817;0.3582;-0.0000;0.7633
-317384;0;0.3813;0.3587;-0.0000;0.7625
-317025;0;0.3798;0.3594;-0.0000;0.7596
-316821;3171882;0.3408;0.3598;0.1854;0.6817
-316417;2680574;0.3468;0.3606;0.1567;0.6936
-316275;0;0.3784;0.3609;-0.0000;0.7568
-315307;0;0.3772;0.3629;-0.0000;0.7543
-315243;2460769;0.3634;0.3630;0.1438;0.7267
-315042;0;0.3772;0.3634;-0.0000;0.7543
-314922;0;0.3767;0.3637;-0.0000;0.7534
-314655;3564753;0.3383;0.3642;0.2083;0.6767
-314599;0;0.3757;0.3643;-0.0000;0.7514
-314392;2387729;0.3702;0.3647;0.1395;0.7404
-314172;0;0.3753;0.3652;-0.0000;0.7505
-313635;0;0.3737;0.3663;-0.0000;0.7474
-313576;2287970;0.3727;0.3664;0.1337;0.7455
-313524;2587459;0.3600;0.3665;0.1512;0.7201
-313192;0;0.3737;0.3672;-0.0000;0.7474
-312969;2380013;0.3693;0.3676;0.1391;0.7385
-312939;2532976;0.3630;0.3677;0.1480;0.7261
-312885;0;0.3723;0.3678;-0.0000;0.7445
-312634;2643548;0.3599;0.3683;0.1545;0.7198
-312148;0;0.3723;0.3693;-0.0000;0.7445
-311986;3116952;0.3409;0.3696;0.1822;0.6818
-311959;0;0.3710;0.3696;-0.0000;0.7420
-311744;2390234;0.3671;0.3701;0.1397;0.7342
-311654;3107450;0.3363;0.3703;0.1816;0.6726
-311532;0;0.3705;0.3705;-0.0000;0.7411
-311209;0;0.3695;0.3712;-0.0000;0.7390
-310782;0;0.3690;0.3720;-0.0000;0.7381
-310586;2990745;0.3376;0.3724;0.1748;0.6751
-310339;0;0.3690;0.3729;-0.0000;0.7381
-310169;0;0.3674;0.3733;-0.0000;0.7348
-309687;2500286;0.3584;0.3742;0.1461;0.7169
-309659;2636370;0.3550;0.3743;0.1541;0.7101
-309419;0;0.3659;0.3748;-0.0000;0.7318
-308800;2763300;0.3459;0.3760;0.1615;0.6918
-308493;0;0.3646;0.3766;-0.0000;0.7291
-308435;0;0.3646;0.3768;-0.0000;0.7291
-307743;0;0.3631;0.3782;-0.0000;0.7261
-307685;0;0.3631;0.3783;-0.0000;0.7261
-307258;0;0.3626;0.3791;-0.0000;0.7252
-306821;2616021;0.3521;0.3800;0.1529;0.7042
-306818;2857265;0.3378;0.3800;0.1670;0.6755
-306645;0;0.3608;0.3804;-0.0000;0.7216
-306330;0;0.3608;0.3810;-0.0000;0.7216
-306163;3138013;0.3354;0.3814;0.1834;0.6707
-305895;0;0.3593;0.3819;-0.0000;0.7185
-305581;0;0.3593;0.3825;-0.0000;0.7185
-305071;2658168;0.3418;0.3836;0.1553;0.6836
-304969;0;0.3579;0.3838;-0.0000;0.7158
-304654;0;0.3579;0.3844;-0.0000;0.7158
-304542;0;0.3574;0.3846;-0.0000;0.7149
-304219;0;0.3563;0.3853;-0.0000;0.7127
-303905;0;0.3563;0.3859;-0.0000;0.7127
-303792;0;0.3559;0.3861;-0.0000;0.7117
-303327;0;0.3559;0.3871;-0.0000;0.7117
-303288;0;0.3559;0.3872;-0.0000;0.7117
-303118;0;0.3540;0.3875;-0.0000;0.7079
-302492;0;0.3540;0.3888;-0.0000;0.7079
-302368;0;0.3524;0.3890;-0.0000;0.7047
-301596;0;0.3524;0.3906;-0.0000;0.7047
-301442;0;0.3510;0.3909;-0.0000;0.7020
-301015;0;0.3505;0.3918;-0.0000;0.7010
-300692;0;0.3494;0.3924;-0.0000;0.6988
-300265;0;0.3489;0.3933;-0.0000;0.6978
-299954;0;0.3489;0.3939;-0.0000;0.6978
-299580;0;0.3481;0.3947;-0.0000;0.6963
-299280;0;0.3468;0.3953;-0.0000;0.6937
-298530;0;0.3452;0.3968;-0.0000;0.6904
-298199;0;0.3452;0.3974;-0.0000;0.6904
-297604;0;0.3438;0.3987;-0.0000;0.6876
-297177;0;0.3433;0.3995;-0.0000;0.6865
-296854;0;0.3421;0.4002;-0.0000;0.6842
-296523;0;0.3421;0.4008;-0.0000;0.6842
-296427;0;0.3416;0.4010;-0.0000;0.6832
-295742;0;0.3408;0.4024;-0.0000;0.6817
-295501;0;0.3402;0.4029;-0.0000;0.6803
-295425;0;0.3394;0.4031;-0.0000;0.6789
-294751;0;0.3385;0.4044;-0.0000;0.6770
-294675;0;0.3377;0.4046;-0.0000;0.6755
-293749;0;0.3363;0.4064;-0.0000;0.6725
-293322;0;0.3357;0.4073;-0.0000;0.6715
-292999;0;0.3346;0.4080;-0.0000;0.6691
-292572;0;0.3340;0.4088;-0.0000;0.6681
-291646;0;0.3325;0.4107;-0.0000;0.6651
-290942;0;0.3317;0.4121;-0.0000;0.6634
-290896;0;0.3308;0.4122;-0.0000;0.6616
-290192;0;0.3300;0.4136;-0.0000;0.6599
-289784;0;0.3295;0.4145;-0.0000;0.6589
-289266;0;0.3284;0.4155;-0.0000;0.6569
-288839;0;0.3279;0.4164;-0.0000;0.6558
-288516;0;0.3267;0.4170;-0.0000;0.6534
-288089;0;0.3261;0.4179;-0.0000;0.6523
-287404;0;0.3253;0.4193;-0.0000;0.6506
-287163;0;0.3246;0.4197;-0.0000;0.6492
-286413;0;0.3228;0.4213;-0.0000;0.6456
-285544;0;0.3218;0.4230;-0.0000;0.6437
-285136;0;0.3214;0.4238;-0.0000;0.6428
-284618;0;0.3203;0.4249;-0.0000;0.6405
-284191;0;0.3197;0.4258;-0.0000;0.6394
-283868;0;0.3184;0.4264;-0.0000;0.6369
-283441;0;0.3179;0.4273;-0.0000;0.6358
-282756;0;0.3170;0.4287;-0.0000;0.6341
-282515;0;0.3163;0.4291;-0.0000;0.6326
-281765;0;0.3144;0.4307;-0.0000;0.6289
-281021;0;0.3144;0.4322;-0.0000;0.6289
-280653;0;0.3130;0.4329;-0.0000;0.6260
-279391;0;0.3117;0.4355;-0.0000;0.6235
-278952;0;0.3111;0.4363;-0.0000;0.6223
-278641;0;0.3098;0.4370;-0.0000;0.6197
-278214;0;0.3093;0.4378;-0.0000;0.6185
-277529;0;0.3084;0.4392;-0.0000;0.6168
-277288;0;0.3076;0.4397;-0.0000;0.6152
-276538;0;0.3057;0.4412;-0.0000;0.6114
-275426;0;0.3042;0.4435;-0.0000;0.6084
-274466;0;0.3042;0.4454;-0.0000;0.6084
-274152;0;0.3028;0.4460;-0.0000;0.6056
-273402;0;0.3008;0.4476;-0.0000;0.6016
-272402;0;0.3002;0.4496;-0.0000;0.6004
-272290;0;0.2993;0.4498;-0.0000;0.5986
-271476;0;0.2985;0.4514;-0.0000;0.5970
-270726;0;0.2965;0.4530;-0.0000;0.5930
-269278;0;0.2952;0.4559;-0.0000;0.5903
-269239;0;0.2949;0.4560;-0.0000;0.5899
-268352;0;0.2934;0.4578;-0.0000;0.5868
-267602;0;0.2914;0.4593;-0.0000;0.5827
-266490;0;0.2898;0.4615;-0.0000;0.5796
-265305;0;0.2889;0.4639;-0.0000;0.5778
-264865;0;0.2889;0.4648;-0.0000;0.5778
-264555;0;0.2868;0.4654;-0.0000;0.5737
-263427;0;0.2852;0.4677;-0.0000;0.5705
-262181;0;0.2835;0.4702;-0.0000;0.5671
-261431;0;0.2814;0.4717;-0.0000;0.5628
-260319;0;0.2798;0.4740;-0.0000;0.5595
-259118;0;0.2789;0.4764;-0.0000;0.5577
-258694;0;0.2789;0.4773;-0.0000;0.5577
-258368;0;0.2767;0.4779;-0.0000;0.5534
-257256;0;0.2750;0.4802;-0.0000;0.5500
-256512;0;0.2750;0.4817;-0.0000;0.5500
-255994;0;0.2731;0.4827;-0.0000;0.5463
-255244;0;0.2709;0.4842;-0.0000;0.5418
-254132;0;0.2692;0.4865;-0.0000;0.5383
-252882;0;0.2682;0.4890;-0.0000;0.5365
-252132;0;0.2660;0.4905;-0.0000;0.5319
-251388;0;0.2660;0.4920;-0.0000;0.5319
-251020;0;0.2642;0.4928;-0.0000;0.5284
-250684;0;0.2642;0.4935;-0.0000;0.5283
-249758;0;0.2621;0.4953;-0.0000;0.5243
-249008;0;0.2598;0.4968;-0.0000;0.5196
-247574;0;0.2580;0.4997;-0.0000;0.5159
-246588;0;0.2570;0.5017;-0.0000;0.5140
-245838;0;0.2546;0.5033;-0.0000;0.5092
-244453;0;0.2527;0.5060;-0.0000;0.5054
-244390;0;0.2526;0.5062;-0.0000;0.5052
-243464;0;0.2505;0.5080;-0.0000;0.5009
-242714;0;0.2480;0.5096;-0.0000;0.4960
-241264;0;0.2461;0.5125;-0.0000;0.4921
-240079;0;0.2450;0.5149;-0.0000;0.4900
-239329;0;0.2425;0.5164;-0.0000;0.4849
-238217;0;0.2405;0.5187;-0.0000;0.4810
-237881;0;0.2403;0.5193;-0.0000;0.4806
-236955;0;0.2380;0.5212;-0.0000;0.4760
-236205;0;0.2354;0.5227;-0.0000;0.4708
-235093;0;0.2333;0.5250;-0.0000;0.4667
-233667;0;0.2330;0.5278;-0.0000;0.4660
-232571;0;0.2322;0.5301;-0.0000;0.4644
-231892;0;0.2298;0.5314;-0.0000;0.4596
-231142;0;0.2271;0.5329;-0.0000;0.4542
-230216;0;0.2246;0.5348;-0.0000;0.4493
-229466;0;0.2218;0.5363;-0.0000;0.4437
-228354;0;0.2197;0.5386;-0.0000;0.4393
-224432;0;0.2182;0.5465;-0.0000;0.4364
-224384;0;0.2158;0.5466;-0.0000;0.4315
-223272;0;0.2135;0.5488;-0.0000;0.4270
-222708;0;0.2102;0.5500;-0.0000;0.4204
-221596;0;0.2079;0.5522;-0.0000;0.4158
-217674;0;0.2063;0.5602;-0.0000;0.4127
-216562;0;0.2040;0.5624;-0.0000;0.4079
-215950;0;0.2005;0.5636;-0.0000;0.4010
-214838;0;0.1976;0.5659;-0.0000;0.3951
-210916;0;0.1964;0.5738;-0.0000;0.3928
-209804;0;0.1934;0.5761;-0.0000;0.3868
-208080;0;0.1871;0.5795;-0.0000;0.3742
-203046;0;0.1827;0.5897;-0.0000;0.3654
-196991;0;0.1826;0.6020;-0.0000;0.3652
-196288;0;0.1776;0.6034;-0.0000;0.3553
-189530;0;0.1737;0.6170;-0.0000;0.3473
