-939955;7418856;0.1485;0.0066;0.1547;0.2970
-939755;10134823;0.1485;0.0068;0.2113;0.2970
-939489;7210646;0.1489;0.0071;0.1504;0.2977
-939398;8477349;0.1485;0.0071;0.1768;0.2970
-938832;6630743;0.1710;0.0077;0.1383;0.3420
-938685;6992108;0.1568;0.0079;0.1458;0.3136
-938228;6894888;0.1637;0.0084;0.1438;0.3275
-938091;6506689;0.1744;0.0085;0.1357;0.3488
-937975;6453544;0.1775;0.0087;0.1346;0.3551
-937691;10880407;0.1485;0.0090;0.2269;0.2969
-937647;6415785;0.1831;0.0090;0.1338;0.3662
-937530;6394092;0.1902;0.0091;0.1333;0.3804
-937305;6402345;0.1813;0.0094;0.1335;0.3626
-937131;6379381;0.1808;0.0095;0.1330;0.3616
-937076;6591047;0.1742;0.0096;0.1374;0.3485
-936948;6915271;0.1587;0.0097;0.1442;0.3174
-936670;6759993;0.1708;0.0100;0.1410;0.3416
-936619;6824730;0.1677;0.0101;0.1423;0.3354
-936326;6317247;0.1840;0.0104;0.1317;0.3680
-936314;6306964;0.1830;0.0104;0.1315;0.3660
-935989;6266068;0.1892;0.0108;0.1307;0.3785
-935851;8134169;0.1485;0.0109;0.1696;0.2970
-935678;6853754;0.1664;0.0111;0.1429;0.3328
-935338;6148164;0.1983;0.0114;0.1282;0.3966
-935308;6178454;0.1942;0.0115;0.1288;0.3883
-935303;6150275;0.1983;0.0115;0.1282;0.3965
-934810;7860996;0.1485;0.0120;0.1639;0.2970
-934405;6102727;0.2000;0.0124;0.1273;0.4000
-934179;6053385;0.2025;0.0127;0.1262;0.4050
-934058;6144349;0.1902;0.0128;0.1281;0.3804
-933865;6034796;0.1962;0.0130;0.1258;0.3924
-933440;6012342;0.2019;0.0134;0.1254;0.4039
-933384;6006957;0.2095;0.0135;0.1253;0.4190
-933349;6009069;0.2095;0.0135;0.1253;0.4189
-932957;5976816;0.2059;0.0140;0.1246;0.4119
-932532;5953205;0.2185;0.0144;0.1241;0.4370
-932314;5963788;0.2067;0.0146;0.1244;0.4134
-932121;5908017;0.2145;0.0148;0.1232;0.4291
-931567;5898064;0.2103;0.0154;0.1230;0.4206
-931285;5886571;0.2268;0.0157;0.1227;0.4536
-931224;5858070;0.2186;0.0158;0.1222;0.4372
-931103;5955785;0.2075;0.0159;0.1242;0.4150
-930910;5814792;0.2129;0.0161;0.1213;0.4257
-930002;5811059;0.2217;0.0171;0.1212;0.4435
-929909;5808739;0.2254;0.0172;0.1211;0.4508
-929902;5796842;0.2230;0.0172;0.1209;0.4461
-929690;5738361;0.2348;0.0174;0.1197;0.4695
-929666;5786646;0.2270;0.0174;0.1207;0.4539
-929359;5764512;0.2224;0.0178;0.1202;0.4449
-929270;5757982;0.2286;0.0179;0.1201;0.4571
-929166;5709253;0.2296;0.0180;0.1191;0.4592
-928942;5984893;0.2030;0.0182;0.1248;0.4060
-928846;5855809;0.2078;0.0183;0.1221;0.4157
-928844;5751655;0.2283;0.0183;0.1199;0.4567
-928612;5732307;0.2257;0.0185;0.1195;0.4515
-928383;5692130;0.2403;0.0188;0.1187;0.4807
-928323;5686706;0.2289;0.0189;0.1186;0.4579
-928263;5639994;0.2343;0.0189;0.1176;0.4687
-927752;5731635;0.2281;0.0195;0.1195;0.4562
-927609;5651451;0.2318;0.0196;0.1178;0.4636
-927576;5630069;0.2321;0.0196;0.1174;0.4642
-927102;5696548;0.2250;0.0201;0.1188;0.4500
-926884;5610719;0.2390;0.0204;0.1170;0.4779
-926736;5596722;0.2452;0.0205;0.1167;0.4904
-926084;5768830;0.2184;0.0212;0.1203;0.4368
-926050;5604248;0.2416;0.0213;0.1169;0.4832
-926017;5582866;0.2419;0.0213;0.1164;0.4838
-925891;5745440;0.2235;0.0214;0.1198;0.4470
-925264;5573164;0.2286;0.0221;0.1162;0.4573
-924939;5468480;0.2619;0.0224;0.1140;0.5238
-924908;5545813;0.2539;0.0225;0.1156;0.5077
-924560;5587847;0.2284;0.0228;0.1165;0.4568
-924480;5497826;0.2530;0.0229;0.1146;0.5060
-924361;5493706;0.2334;0.0230;0.1146;0.4668
-923560;5439205;0.2659;0.0239;0.1134;0.5318
-923455;5762217;0.2193;0.0240;0.1202;0.4386
-923400;5452024;0.2422;0.0241;0.1137;0.4844
-923244;5416537;0.2437;0.0242;0.1129;0.4874
-923183;5410058;0.2698;0.0243;0.1128;0.5396
-922507;5402895;0.2695;0.0250;0.1127;0.5389
-922474;5381514;0.2697;0.0250;0.1122;0.5394
-922303;5380965;0.2524;0.0252;0.1122;0.5048
-922282;5828319;0.2090;0.0252;0.1215;0.4180
-921913;5380568;0.2481;0.0256;0.1122;0.4962
-921655;5363065;0.2788;0.0259;0.1118;0.5577
-921320;5647415;0.2241;0.0263;0.1178;0.4481
-921037;5322192;0.2611;0.0266;0.1110;0.5222
-920972;5344997;0.2566;0.0266;0.1115;0.5132
-920385;5333575;0.2582;0.0272;0.1112;0.5164
-920100;5352591;0.2524;0.0275;0.1116;0.5048
-920096;5286621;0.2691;0.0275;0.1102;0.5381
-920076;5271172;0.2686;0.0276;0.1099;0.5373
-919920;5245022;0.2700;0.0277;0.1094;0.5400
-919444;5298004;0.2663;0.0282;0.1105;0.5325
-918745;5232552;0.2725;0.0290;0.1091;0.5450
-918636;5401246;0.2471;0.0291;0.1126;0.4943
-918635;5391016;0.2471;0.0291;0.1124;0.4943
-918589;5209054;0.2738;0.0291;0.1086;0.5476
-918392;5198030;0.2790;0.0294;0.1084;0.5579
-918373;5474878;0.2416;0.0294;0.1142;0.4832
-917808;5172714;0.2804;0.0300;0.1079;0.5607
-917061;5162061;0.2826;0.0308;0.1076;0.5652
-916904;5314864;0.2588;0.0309;0.1108;0.5177
-916867;5137143;0.2876;0.0310;0.1071;0.5751
-916776;5181077;0.2775;0.0311;0.1080;0.5551
-915911;5281203;0.2598;0.0320;0.1101;0.5195
-915516;5083074;0.2906;0.0324;0.1060;0.5812
-915311;5219501;0.2729;0.0326;0.1088;0.5458
-914575;5047503;0.2974;0.0334;0.1053;0.5948
-914456;5060940;0.2925;0.0335;0.1055;0.5849
-913932;5190226;0.2766;0.0341;0.1082;0.5533
-913918;5145657;0.2803;0.0341;0.1073;0.5606
-913675;5024601;0.2985;0.0343;0.1048;0.5969
-912994;5465937;0.2411;0.0351;0.1140;0.4822
-912928;5013948;0.3005;0.0351;0.1046;0.6009
-912891;5002214;0.3063;0.0352;0.1043;0.6127
-912797;5127451;0.2878;0.0353;0.1069;0.5755
-912558;4984623;0.3057;0.0355;0.1039;0.6114
-912432;5099011;0.2852;0.0356;0.1063;0.5703
-912147;4977608;0.3062;0.0360;0.1038;0.6125
-911915;5415232;0.2454;0.0362;0.1129;0.4908
-911878;5376343;0.2483;0.0362;0.1121;0.4965
-911877;5352798;0.2510;0.0362;0.1116;0.5019
-911877;5366112;0.2483;0.0362;0.1119;0.4965
-911383;4934961;0.3078;0.0368;0.1029;0.6155
-910499;5333754;0.2552;0.0377;0.1112;0.5104
-910498;5323523;0.2552;0.0377;0.1110;0.5104
-910498;5341405;0.2525;0.0377;0.1114;0.5051
-910485;5302123;0.2593;0.0377;0.1106;0.5186
-910484;5291892;0.2593;0.0377;0.1103;0.5187
-909700;4907206;0.3162;0.0385;0.1023;0.6324
-909699;4889672;0.3162;0.0385;0.1020;0.6324
-909340;5008584;0.3019;0.0389;0.1044;0.6038
-909154;5253216;0.2634;0.0391;0.1095;0.5267
-909154;5271099;0.2608;0.0391;0.1099;0.5216
-909153;5110128;0.2824;0.0391;0.1066;0.5647
-909153;5242985;0.2634;0.0391;0.1093;0.5267
-909153;5260868;0.2608;0.0391;0.1097;0.5216
-908553;5194598;0.2738;0.0397;0.1083;0.5477
-908455;4971806;0.3016;0.0399;0.1037;0.6032
-908454;4961575;0.3016;0.0399;0.1035;0.6032
-908299;4950897;0.3028;0.0400;0.1032;0.6055
-908230;5039310;0.2974;0.0401;0.1051;0.5948
-907874;5210999;0.2717;0.0405;0.1087;0.5433
-907673;4925236;0.3074;0.0407;0.1027;0.6147
-907518;4914558;0.3085;0.0408;0.1025;0.6169
-907470;5071238;0.2920;0.0409;0.1057;0.5840
-907422;5184716;0.2717;0.0409;0.1081;0.5433
-907174;5169891;0.2776;0.0412;0.1078;0.5551
-907161;5135553;0.2812;0.0412;0.1071;0.5624
-907006;4853566;0.3447;0.0414;0.1012;0.6894
-906616;4898771;0.3114;0.0418;0.1022;0.6229
-906595;4888936;0.3315;0.0418;0.1019;0.6629
-906278;4872098;0.3359;0.0422;0.1016;0.6719
-906007;4803886;0.3380;0.0424;0.1002;0.6759
-905976;4856863;0.3225;0.0425;0.1013;0.6451
-905830;5081702;0.2871;0.0426;0.1060;0.5743
-905829;5089353;0.2848;0.0426;0.1061;0.5696
-905780;5119773;0.2803;0.0427;0.1068;0.5607
-905452;4869862;0.3208;0.0430;0.1015;0.6417
-905226;4847530;0.3172;0.0433;0.1011;0.6345
-905225;4837300;0.3173;0.0433;0.1009;0.6345
-905119;5327895;0.2521;0.0434;0.1111;0.5042
-905070;4826622;0.3183;0.0434;0.1006;0.6366
-905005;4790830;0.3380;0.0435;0.0999;0.6759
-904818;4781622;0.3574;0.0437;0.0997;0.7148
-904187;5024410;0.2929;0.0444;0.1048;0.5859
-904104;4819094;0.3234;0.0445;0.1005;0.6468
-903741;5313419;0.2563;0.0448;0.1108;0.5125
-903740;5303188;0.2563;0.0448;0.1106;0.5126
-903726;5266988;0.2604;0.0449;0.1098;0.5208
-903704;4712070;0.3455;0.0449;0.0983;0.6910
-903542;4779629;0.3253;0.0450;0.0997;0.6506
-903528;4768927;0.3317;0.0451;0.0994;0.6634
-903430;4758021;0.3442;0.0452;0.0992;0.6884
-903429;4743837;0.3442;0.0452;0.0989;0.6884
-902396;5232881;0.2644;0.0463;0.1091;0.5288
-902395;5222650;0.2644;0.0463;0.1089;0.5288
-902245;4702421;0.3515;0.0464;0.0981;0.7031
-902000;4721934;0.3382;0.0467;0.0985;0.6763
-901795;5160949;0.2772;0.0469;0.1076;0.5544
-901696;4809281;0.3200;0.0470;0.1003;0.6400
-901696;4941240;0.3024;0.0470;0.1030;0.6048
-900915;4887018;0.3102;0.0478;0.1019;0.6205
-900853;4636286;0.3583;0.0479;0.0967;0.7166
-900402;5100043;0.2845;0.0484;0.1063;0.5690
-900013;4751611;0.3279;0.0488;0.0991;0.6559
-899812;4879620;0.3140;0.0490;0.1018;0.6280
-899463;4660737;0.3483;0.0494;0.0972;0.6966
-899462;4643203;0.3483;0.0494;0.0968;0.6966
-899322;4629721;0.3687;0.0495;0.0965;0.7373
-899072;5056798;0.2880;0.0498;0.1054;0.5760
-899071;4919177;0.3069;0.0498;0.1026;0.6138
-899071;5046568;0.2880;0.0498;0.1052;0.5760
-898955;4691465;0.3450;0.0499;0.0978;0.6901
-898467;4685006;0.3342;0.0504;0.0977;0.6685
-898467;4799082;0.3200;0.0504;0.1001;0.6400
-898339;4585488;0.3668;0.0505;0.0956;0.7335
-898081;4673301;0.3446;0.0508;0.0974;0.6893
-897822;4611898;0.3594;0.0511;0.0962;0.7188
-897721;4604810;0.3584;0.0512;0.0960;0.7169
-897239;4571112;0.3691;0.0517;0.0953;0.7381
-897014;4594702;0.3597;0.0519;0.0958;0.7194
-896784;4627335;0.3416;0.0522;0.0965;0.6832
-896770;4616634;0.3475;0.0522;0.0963;0.6951
-895711;4524119;0.3743;0.0533;0.0943;0.7485
-895638;5080588;0.2865;0.0534;0.1059;0.5730
-895637;5070357;0.2865;0.0534;0.1057;0.5730
-895486;4535943;0.3658;0.0536;0.0946;0.7316
-895486;4547709;0.3652;0.0536;0.0948;0.7304
-895036;4511413;0.3670;0.0540;0.0941;0.7339
-894939;4761703;0.3221;0.0541;0.0993;0.6441
-894938;4788946;0.3207;0.0541;0.0999;0.6414
-894157;4734935;0.3273;0.0550;0.0987;0.6545
-894095;4484203;0.3714;0.0550;0.0935;0.7429
-893906;5016826;0.2960;0.0552;0.1046;0.5920
-893863;4560714;0.3579;0.0553;0.0951;0.7157
-893508;4464420;0.3722;0.0557;0.0931;0.7445
-893255;4716203;0.3306;0.0559;0.0983;0.6611
-893255;4726707;0.3286;0.0559;0.0986;0.6572
-893102;4857024;0.3147;0.0561;0.1013;0.6294
-892704;4490910;0.3628;0.0565;0.0936;0.7256
-892567;4437210;0.3766;0.0566;0.0925;0.7532
-892313;4898843;0.3077;0.0569;0.1022;0.6154
-892161;4560342;0.3492;0.0571;0.0951;0.6985
-891860;4415546;0.3777;0.0574;0.0921;0.7554
-891710;4657230;0.3362;0.0576;0.0971;0.6723
-891709;4646999;0.3362;0.0576;0.0969;0.6723
-890332;4368553;0.3826;0.0590;0.0911;0.7653
-890027;4626299;0.3434;0.0593;0.0965;0.6869
-890026;4475252;0.3560;0.0593;0.0933;0.7121
-889773;4868712;0.3127;0.0596;0.1015;0.6254
-889486;4446692;0.3728;0.0599;0.0927;0.7457
-888959;4413168;0.3804;0.0605;0.0920;0.7608
-888728;4395416;0.3784;0.0607;0.0917;0.7568
-888630;4362792;0.3751;0.0608;0.0910;0.7502
-888181;4604840;0.3387;0.0613;0.0960;0.6774
-888181;4760960;0.3234;0.0613;0.0993;0.6468
-888180;4750729;0.3234;0.0613;0.0991;0.6468
-888014;4357784;0.3837;0.0615;0.0909;0.7674
-887567;4574503;0.3463;0.0619;0.0954;0.6925
-887337;4331909;0.3842;0.0622;0.0903;0.7684
-887129;4400773;0.3750;0.0624;0.0918;0.7501
-886769;4423510;0.3722;0.0628;0.0922;0.7444
-886608;4306422;0.3855;0.0629;0.0898;0.7710
-886345;4715172;0.3313;0.0632;0.0983;0.6626
-886344;4590864;0.3447;0.0632;0.0957;0.6894
-886344;4704941;0.3313;0.0632;0.0981;0.6626
-885850;4312329;0.3852;0.0637;0.0899;0.7704
-885809;4284916;0.3889;0.0638;0.0894;0.7779
-885647;4404898;0.3747;0.0640;0.0919;0.7494
-885258;4261548;0.3892;0.0644;0.0889;0.7784
-884952;4504936;0.3516;0.0647;0.0939;0.7033
-884951;4494705;0.3516;0.0647;0.0937;0.7033
-884872;4345869;0.3744;0.0648;0.0906;0.7488
-883600;4434514;0.3643;0.0661;0.0925;0.7287
-883574;4216259;0.3945;0.0661;0.0879;0.7891
-883268;4456471;0.3583;0.0665;0.0929;0.7167
-882728;4294398;0.3854;0.0670;0.0895;0.7709
-882276;4248198;0.3854;0.0675;0.0886;0.7709
-881045;4236728;0.3909;0.0688;0.0883;0.7818
-880573;4413528;0.3729;0.0693;0.0920;0.7459
-880493;4225742;0.3912;0.0694;0.0881;0.7823
-880347;4380682;0.3697;0.0696;0.0913;0.7393
-879992;4303645;0.3853;0.0699;0.0897;0.7706
-879786;4565320;0.3430;0.0702;0.0952;0.6860
-879586;4552647;0.3471;0.0704;0.0949;0.6943
-878965;4203536;0.4073;0.0710;0.0877;0.8146
-878884;4492087;0.3500;0.0711;0.0937;0.7000
-878650;4173374;0.3948;0.0714;0.0870;0.7895
-878194;4480189;0.3522;0.0718;0.0934;0.7043
-878193;4469958;0.3522;0.0718;0.0932;0.7044
-877072;4447183;0.3573;0.0730;0.0927;0.7146
-876911;4324920;0.3817;0.0732;0.0902;0.7635
-876661;4291780;0.3840;0.0735;0.0895;0.7681
-876399;4439624;0.3595;0.0737;0.0926;0.7189
-874878;4128230;0.4091;0.0753;0.0861;0.8182
-874530;4247579;0.3894;0.0757;0.0886;0.7789
-873735;4187524;0.3931;0.0765;0.0873;0.7862
-873285;4215190;0.3913;0.0770;0.0879;0.7825
-871972;4309066;0.3754;0.0784;0.0899;0.7507
-868561;2884384;0.4661;0.0820;0.0601;0.9322
-868454;2844724;0.4654;0.0821;0.0593;0.9309
-868410;4268714;0.3846;0.0822;0.0890;0.7692
-868224;4219726;0.3898;0.0824;0.0880;0.7796
-868151;4127597;0.4208;0.0824;0.0861;0.8415
-868101;2803235;0.4689;0.0825;0.0585;0.9378
-867867;2781582;0.4669;0.0828;0.0580;0.9338
-867660;2754469;0.4698;0.0830;0.0574;0.9395
-867269;4164974;0.3918;0.0834;0.0868;0.7835
-867225;2749650;0.4675;0.0834;0.0573;0.9350
-867203;2702943;0.4683;0.0835;0.0564;0.9365
-867156;2742791;0.4664;0.0835;0.0572;0.9328
-866949;2845288;0.4645;0.0837;0.0593;0.9289
-866740;2694199;0.4692;0.0839;0.0562;0.9383
-866513;2804725;0.4653;0.0842;0.0585;0.9306
-866499;2689617;0.4684;0.0842;0.0561;0.9368
-866311;2689037;0.4715;0.0844;0.0561;0.9430
-866264;2773534;0.4662;0.0844;0.0578;0.9325
-866203;2787065;0.4653;0.0845;0.0581;0.9306
-866060;2730152;0.4673;0.0847;0.0569;0.9346
-866038;2693272;0.4681;0.0847;0.0562;0.9362
-865780;2667965;0.4701;0.0850;0.0556;0.9401
-865537;2632447;0.4699;0.0852;0.0549;0.9397
-865263;2741661;0.4667;0.0855;0.0572;0.9335
-865162;4040688;0.4282;0.0856;0.0843;0.8565
-865074;2623703;0.4707;0.0857;0.0547;0.9415
-864897;2722643;0.4672;0.0859;0.0568;0.9343
-864831;4117187;0.4282;0.0860;0.0859;0.8564
-864697;2613956;0.4706;0.0861;0.0545;0.9413
-864335;2719277;0.4681;0.0865;0.0567;0.9361
-863554;2641164;0.4698;0.0873;0.0551;0.9395
-863290;2647293;0.4690;0.0876;0.0552;0.9380
-862918;2596666;0.4728;0.0880;0.0541;0.9456
-862785;2552016;0.4720;0.0881;0.0532;0.9440
-862765;2595836;0.4690;0.0881;0.0541;0.9381
-862317;2529850;0.4732;0.0886;0.0528;0.9464
-862197;2570023;0.4714;0.0887;0.0536;0.9427
-861880;2550780;0.4708;0.0891;0.0532;0.9416
-861820;2593448;0.4707;0.0891;0.0541;0.9415
-861732;2711748;0.4669;0.0892;0.0565;0.9338
-861653;2655427;0.4670;0.0893;0.0554;0.9341
-861615;2815901;0.4636;0.0894;0.0587;0.9273
-861258;2498205;0.4730;0.0897;0.0521;0.9460
-861152;2628314;0.4688;0.0898;0.0548;0.9377
-861032;2529923;0.4712;0.0900;0.0528;0.9424
-860677;2456696;0.4715;0.0903;0.0512;0.9429
-860531;2798156;0.4651;0.0905;0.0583;0.9302
-860240;2504317;0.4708;0.0908;0.0522;0.9416
-860012;2694436;0.4667;0.0911;0.0562;0.9334
-859963;2405688;0.4725;0.0911;0.0502;0.9450
-859807;2563844;0.4706;0.0913;0.0535;0.9412
-859506;2754753;0.4660;0.0916;0.0574;0.9321
-859450;2589328;0.4698;0.0916;0.0540;0.9395
-859445;2768285;0.4651;0.0917;0.0577;0.9302
-859266;2612392;0.4674;0.0918;0.0545;0.9349
-859164;2747265;0.4660;0.0919;0.0573;0.9321
-859113;2748108;0.4655;0.0920;0.0573;0.9311
-858753;2679120;0.4666;0.0924;0.0559;0.9333
-858614;2742299;0.4646;0.0925;0.0572;0.9292
-858584;2376412;0.4733;0.0926;0.0496;0.9467
-858525;2505489;0.4696;0.0926;0.0522;0.9392
-858425;2504743;0.4706;0.0927;0.0522;0.9413
-858297;2356941;0.4740;0.0929;0.0491;0.9479
-857457;2343706;0.4747;0.0938;0.0489;0.9493
-857270;2445148;0.4723;0.0940;0.0510;0.9446
-857247;2693905;0.4655;0.0940;0.0562;0.9311
-857146;2476214;0.4705;0.0941;0.0516;0.9410
-856935;4020636;0.4630;0.0943;0.0838;0.9261
-856849;2594008;0.4695;0.0944;0.0541;0.9389
-856608;3873462;0.4625;0.0946;0.0808;0.9249
-856032;2335034;0.4758;0.0953;0.0487;0.9515
-856019;2416502;0.4719;0.0953;0.0504;0.9438
-855938;2339056;0.4742;0.0954;0.0488;0.9483
-855791;2294959;0.4760;0.0955;0.0479;0.9520
-855631;4015732;0.4468;0.0957;0.0837;0.8937
-855388;2663017;0.4661;0.0959;0.0555;0.9322
-855379;2313493;0.4758;0.0959;0.0482;0.9515
-855328;2286215;0.4768;0.0960;0.0477;0.9535
-855110;2540556;0.4687;0.0962;0.0530;0.9375
-855080;3797772;0.4635;0.0963;0.0792;0.9270
-854856;2591012;0.4674;0.0965;0.0540;0.9348
-854829;2307411;0.4758;0.0965;0.0481;0.9515
-854640;2387226;0.4727;0.0967;0.0498;0.9455
-854314;2568617;0.4682;0.0971;0.0536;0.9363
-854253;2582953;0.4673;0.0971;0.0539;0.9345
-854180;2260345;0.4776;0.0972;0.0471;0.9552
-854165;2544549;0.4687;0.0972;0.0531;0.9374
-854040;2334826;0.4756;0.0974;0.0487;0.9512
-854019;2273462;0.4770;0.0974;0.0474;0.9539
-853981;2322160;0.4748;0.0974;0.0484;0.9495
-853644;2269313;0.4775;0.0978;0.0473;0.9550
-853329;2284664;0.4758;0.0981;0.0476;0.9515
-853310;2452532;0.4700;0.0981;0.0511;0.9399
-853156;2262071;0.4771;0.0983;0.0472;0.9543
-852987;2246653;0.4781;0.0985;0.0468;0.9561
-852977;2220343;0.4781;0.0985;0.0463;0.9563
-852974;2341411;0.4741;0.0985;0.0488;0.9483
-852816;2248336;0.4770;0.0987;0.0469;0.9539
-852692;2499470;0.4696;0.0988;0.0521;0.9391
-852592;2230616;0.4765;0.0989;0.0465;0.9531
-852514;2211598;0.4788;0.0990;0.0461;0.9577
-852508;2577058;0.4673;0.0990;0.0537;0.9346
-852370;2503653;0.4690;0.0991;0.0522;0.9381
-852292;2394981;0.4726;0.0992;0.0499;0.9451
-852242;2226792;0.4778;0.0993;0.0464;0.9557
-852066;2214782;0.4788;0.0995;0.0462;0.9576
-851781;2659328;0.4664;0.0998;0.0555;0.9329
-851382;3873502;0.4617;0.1002;0.0808;0.9234
-851186;2222867;0.4775;0.1004;0.0464;0.9550
-850996;2212166;0.4784;0.1006;0.0461;0.9569
-850974;2187579;0.4792;0.1006;0.0456;0.9583
-850829;2217982;0.4771;0.1008;0.0463;0.9542
-850804;2391768;0.4722;0.1008;0.0499;0.9444
-850610;2497605;0.4693;0.1010;0.0521;0.9386
-850494;2445208;0.4705;0.1011;0.0510;0.9409
-850371;2423398;0.4716;0.1012;0.0505;0.9432
-850365;4030531;0.4456;0.1012;0.0840;0.8912
-850335;2156094;0.4813;0.1013;0.0450;0.9625
-850133;2495086;0.4694;0.1015;0.0520;0.9388
-850101;3815928;0.4627;0.1015;0.0796;0.9254
-850086;2168634;0.4784;0.1015;0.0452;0.9569
-849696;2521149;0.4687;0.1020;0.0526;0.9374
-849552;2390353;0.4722;0.1021;0.0498;0.9443
-849406;2135724;0.4799;0.1023;0.0445;0.9597
-849395;2838512;0.4635;0.1023;0.0592;0.9270
-849394;2614046;0.4654;0.1023;0.0545;0.9308
-849185;2422108;0.4710;0.1025;0.0505;0.9420
-848899;2382381;0.4701;0.1028;0.0497;0.9402
-848781;3758646;0.4633;0.1029;0.0784;0.9266
-848244;2107877;0.4805;0.1035;0.0440;0.9611
-848122;2258234;0.4760;0.1036;0.0471;0.9519
-848004;2107136;0.4815;0.1037;0.0439;0.9629
-847829;2097044;0.4828;0.1039;0.0437;0.9656
-847797;2555364;0.4679;0.1040;0.0533;0.9358
-847602;2104216;0.4819;0.1042;0.0439;0.9637
-847564;2074967;0.4819;0.1042;0.0433;0.9637
-847534;2232761;0.4763;0.1042;0.0466;0.9526
-847522;2329218;0.4746;0.1043;0.0486;0.9492
-847520;2353105;0.4709;0.1043;0.0491;0.9419
-847511;2538047;0.4672;0.1043;0.0529;0.9344
-847495;2550376;0.4671;0.1043;0.0532;0.9341
-847407;2527349;0.4686;0.1044;0.0527;0.9372
-847305;2563938;0.4651;0.1045;0.0535;0.9301
-847157;2061414;0.4812;0.1046;0.0430;0.9624
-847136;3921017;0.4515;0.1047;0.0818;0.9031
-846852;2087812;0.4810;0.1050;0.0435;0.9620
-846428;2335238;0.4734;0.1054;0.0487;0.9468
-846197;2081299;0.4806;0.1057;0.0434;0.9613
-846162;2049311;0.4834;0.1057;0.0427;0.9667
-846011;2044776;0.4819;0.1058;0.0426;0.9637
-845934;2482270;0.4695;0.1059;0.0518;0.9390
-845914;2467676;0.4696;0.1060;0.0515;0.9393
-845898;2032394;0.4829;0.1060;0.0424;0.9658
-845882;2303334;0.4756;0.1060;0.0480;0.9512
-845874;2184825;0.4777;0.1060;0.0456;0.9554
-845746;2175800;0.4770;0.1061;0.0454;0.9540
-845612;2506954;0.4688;0.1063;0.0523;0.9377
-845321;2195170;0.4762;0.1066;0.0458;0.9525
-845173;2812888;0.4632;0.1067;0.0587;0.9265
-845010;2027055;0.4829;0.1069;0.0423;0.9658
-844959;2461926;0.4690;0.1070;0.0513;0.9380
-844799;2503174;0.4675;0.1071;0.0522;0.9350
-844752;2015756;0.4835;0.1072;0.0420;0.9671
-844735;2006405;0.4838;0.1072;0.0418;0.9675
-844459;2140586;0.4796;0.1075;0.0446;0.9593
-844142;2243479;0.4757;0.1078;0.0468;0.9514
-844077;2799911;0.4642;0.1079;0.0584;0.9284
-843934;1992828;0.4941;0.1080;0.0416;0.9882
-843865;1982939;0.4935;0.1081;0.0413;0.9871
-843852;2455221;0.4691;0.1081;0.0512;0.9382
-843806;2761997;0.4642;0.1082;0.0576;0.9284
-843460;1996544;0.4851;0.1085;0.0416;0.9702
-843454;1947684;0.4937;0.1086;0.0406;0.9875
-843355;1985248;0.4838;0.1087;0.0414;0.9675
-843135;2188994;0.4768;0.1089;0.0456;0.9535
-843038;1969663;0.4857;0.1090;0.0411;0.9713
-842888;1985768;0.4834;0.1092;0.0414;0.9668
-842791;2713867;0.4650;0.1093;0.0566;0.9301
-842718;2243038;0.4755;0.1093;0.0468;0.9510
-842699;2255429;0.4736;0.1094;0.0470;0.9472
-842562;1906092;0.4937;0.1095;0.0397;0.9875
-842559;2110110;0.4791;0.1095;0.0440;0.9583
-842455;2423634;0.4700;0.1096;0.0505;0.9401
-842321;1927757;0.4936;0.1097;0.0402;0.9873
-842282;2105575;0.4797;0.1098;0.0439;0.9595
-841910;1886275;0.4938;0.1102;0.0393;0.9877
-841657;2181939;0.4765;0.1105;0.0455;0.9529
-841230;2504787;0.4661;0.1109;0.0522;0.9323
-841209;1943357;0.4868;0.1109;0.0405;0.9737
-841048;2221284;0.4754;0.1111;0.0463;0.9508
-841039;2497224;0.4677;0.1111;0.0521;0.9354
-841018;1844683;0.4938;0.1111;0.0385;0.9877
-840976;2133999;0.4779;0.1112;0.0445;0.9559
-840623;3639426;0.4628;0.1115;0.0759;0.9256
-840399;2032074;0.4811;0.1118;0.0424;0.9622
-840392;2351706;0.4725;0.1118;0.0490;0.9449
-840149;2025218;0.4818;0.1120;0.0422;0.9635
-840099;1944812;0.4863;0.1121;0.0406;0.9726
-839797;1831233;0.4939;0.1124;0.0382;0.9879
-839735;1972799;0.4848;0.1125;0.0411;0.9696
-839536;2424281;0.4697;0.1127;0.0506;0.9393
-839521;1934895;0.4934;0.1127;0.0403;0.9869
-839413;1906686;0.4879;0.1128;0.0398;0.9757
-839156;2421225;0.4694;0.1131;0.0505;0.9389
-839147;2017444;0.4817;0.1131;0.0421;0.9635
-839116;2153052;0.4775;0.1131;0.0449;0.9550
-839074;1804072;0.4955;0.1132;0.0376;0.9910
-839064;2135071;0.4776;0.1132;0.0445;0.9552
-839019;2008419;0.4811;0.1132;0.0419;0.9622
-838988;2144027;0.4768;0.1133;0.0447;0.9535
-838980;1936257;0.4874;0.1133;0.0404;0.9747
-838854;2453877;0.4688;0.1134;0.0512;0.9375
-838701;1813846;0.4947;0.1136;0.0378;0.9894
-838563;2163397;0.4760;0.1137;0.0451;0.9521
-838419;1773705;0.4953;0.1139;0.0370;0.9905
-838411;2100540;0.4805;0.1139;0.0438;0.9609
-838267;1903068;0.4884;0.1140;0.0397;0.9767
-838145;1819608;0.4947;0.1142;0.0379;0.9893
-837969;1751913;0.4955;0.1143;0.0365;0.9911
-837944;1796893;0.4952;0.1144;0.0375;0.9905
-837929;1879136;0.4894;0.1144;0.0392;0.9788
-837869;1732085;0.4946;0.1145;0.0361;0.9893
-837753;1961510;0.4841;0.1146;0.0409;0.9681
-837653;3633158;0.4623;0.1147;0.0758;0.9246
-837537;1871677;0.4888;0.1148;0.0390;0.9777
-837478;1954076;0.4855;0.1149;0.0407;0.9710
-837378;1939800;0.4857;0.1150;0.0404;0.9714
-837363;2449901;0.4684;0.1150;0.0511;0.9368
-837287;1712169;0.4946;0.1151;0.0357;0.9893
-837128;1867181;0.4931;0.1152;0.0389;0.9862
-837097;1795810;0.4945;0.1153;0.0374;0.9890
-837094;2402144;0.4690;0.1153;0.0501;0.9381
-836980;1805296;0.4945;0.1154;0.0376;0.9889
-836962;3753579;0.4608;0.1154;0.0783;0.9216
-836812;1969264;0.4830;0.1156;0.0411;0.9660
-836703;1803129;0.4935;0.1157;0.0376;0.9870
-836646;1922348;0.4876;0.1157;0.0401;0.9751
-836570;3736293;0.4618;0.1158;0.0779;0.9237
-836448;1864208;0.4879;0.1160;0.0389;0.9757
-836325;1697080;0.4947;0.1161;0.0354;0.9894
-836220;2061942;0.4797;0.1162;0.0430;0.9593
-836097;1921283;0.4868;0.1163;0.0401;0.9735
-835813;2048389;0.4790;0.1166;0.0427;0.9580
-835757;1681481;0.4947;0.1167;0.0351;0.9894
-835727;3751403;0.4598;0.1167;0.0782;0.9197
-835697;2394294;0.4699;0.1168;0.0499;0.9399
-835636;1898559;0.4871;0.1168;0.0396;0.9742
-835633;1671687;0.4952;0.1168;0.0349;0.9903
-835604;2296225;0.4729;0.1168;0.0479;0.9458
-835448;2198165;0.4742;0.1170;0.0458;0.9484
-835360;1898596;0.4864;0.1171;0.0396;0.9729
-835213;1711237;0.4943;0.1173;0.0357;0.9886
-835211;2328164;0.4720;0.1173;0.0485;0.9439
-835115;1825157;0.4906;0.1174;0.0381;0.9812
-834982;1663254;0.4953;0.1175;0.0347;0.9906
-834951;2363780;0.4706;0.1175;0.0493;0.9413
-834797;1918096;0.4860;0.1177;0.0400;0.9721
-834714;1955455;0.4827;0.1178;0.0408;0.9655
-834569;2169986;0.4757;0.1179;0.0452;0.9515
-834511;1646189;0.4972;0.1180;0.0343;0.9943
-834488;2345244;0.4715;0.1180;0.0489;0.9430
-834355;1743531;0.4933;0.1182;0.0364;0.9866
-834306;1935461;0.4852;0.1182;0.0404;0.9704
-834294;1975103;0.4826;0.1182;0.0412;0.9653
-834194;1636753;0.4956;0.1183;0.0341;0.9912
-834179;1818200;0.4910;0.1184;0.0379;0.9821
-834173;1953391;0.4844;0.1184;0.0407;0.9688
-834170;2037937;0.4810;0.1184;0.0425;0.9620
-834097;1636549;0.4971;0.1184;0.0341;0.9942
-834063;1918636;0.4850;0.1185;0.0400;0.9700
-833789;2520162;0.4650;0.1188;0.0526;0.9300
-833707;1634447;0.4958;0.1189;0.0341;0.9915
-833563;1629044;0.4971;0.1190;0.0340;0.9942
-833508;3760935;0.4587;0.1191;0.0784;0.9174
-833354;1836104;0.4875;0.1192;0.0383;0.9749
-833332;1632221;0.4957;0.1193;0.0340;0.9913
-833308;1814382;0.4889;0.1193;0.0378;0.9777
-833265;1615868;0.4978;0.1193;0.0337;0.9956
-833224;2177617;0.4752;0.1194;0.0454;0.9504
-833118;2337765;0.4715;0.1195;0.0487;0.9430
-833061;1627797;0.4964;0.1195;0.0339;0.9929
-833035;1946083;0.4842;0.1196;0.0406;0.9683
-832945;1875313;0.4865;0.1197;0.0391;0.9730
-832910;2474783;0.4667;0.1197;0.0516;0.9334
-832910;1912777;0.4853;0.1197;0.0399;0.9706
-832851;1611360;0.4962;0.1198;0.0336;0.9923
-832787;2264782;0.4736;0.1198;0.0472;0.9471
-832741;1609009;0.4967;0.1199;0.0336;0.9935
-832640;1886714;0.4860;0.1200;0.0393;0.9721
-832523;1597336;0.4974;0.1201;0.0333;0.9948
-832384;1595279;0.4973;0.1203;0.0333;0.9947
-832306;2094706;0.4785;0.1203;0.0437;0.9570
-832273;1879943;0.4839;0.1204;0.0392;0.9678
-832162;1810764;0.4893;0.1205;0.0378;0.9786
-832009;1602565;0.4971;0.1206;0.0334;0.9942
-831993;1591849;0.4975;0.1207;0.0332;0.9951
-831958;1576355;0.4961;0.1207;0.0329;0.9921
-831805;2101728;0.4771;0.1209;0.0438;0.9541
-831785;3696318;0.4610;0.1209;0.0771;0.9220
-831432;1779374;0.4898;0.1213;0.0371;0.9795
-831321;1558053;0.4979;0.1214;0.0325;0.9958
-831200;1985902;0.4823;0.1215;0.0414;0.9645
-831180;1571398;0.4958;0.1215;0.0328;0.9917
-831031;1565806;0.4971;0.1217;0.0327;0.9942
-830926;2073549;0.4785;0.1218;0.0432;0.9570
-830717;1560407;0.4961;0.1220;0.0325;0.9921
-830642;1539874;0.4980;0.1221;0.0321;0.9961
-830613;1656046;0.4953;0.1221;0.0345;0.9906
-830605;2410769;0.4684;0.1221;0.0503;0.9368
-830512;2312700;0.4714;0.1222;0.0482;0.9428
-830404;2397701;0.4690;0.1223;0.0500;0.9380
-830397;2388613;0.4698;0.1224;0.0498;0.9396
-830336;2399647;0.4690;0.1224;0.0500;0.9380
-830263;1532182;0.4967;0.1225;0.0319;0.9935
-830033;1512325;0.4982;0.1227;0.0315;0.9965
-829935;1859470;0.4872;0.1228;0.0388;0.9745
-829916;2421560;0.4683;0.1229;0.0505;0.9366
-829888;3611047;0.4618;0.1229;0.0753;0.9237
-829869;2006969;0.4816;0.1229;0.0419;0.9633
-829859;2380255;0.4691;0.1229;0.0496;0.9383
-829847;1658364;0.4947;0.1229;0.0346;0.9893
-829689;1553989;0.4960;0.1231;0.0324;0.9920
-829622;1503216;0.4981;0.1232;0.0313;0.9961
-829613;1568076;0.4960;0.1232;0.0327;0.9920
-829440;3736609;0.4574;0.1234;0.0779;0.9149
-829396;2361719;0.4700;0.1234;0.0492;0.9400
-829372;1587457;0.4954;0.1234;0.0331;0.9909
-829305;3689564;0.4604;0.1235;0.0769;0.9207
-829252;1532441;0.4963;0.1236;0.0320;0.9926
-829133;2283424;0.4722;0.1237;0.0476;0.9444
-829010;1732853;0.4914;0.1238;0.0361;0.9827
-828872;1521278;0.4977;0.1240;0.0317;0.9954
-828846;2266885;0.4728;0.1240;0.0473;0.9456
-828789;1521450;0.4965;0.1241;0.0317;0.9930
-828786;2306824;0.4719;0.1241;0.0481;0.9437
-828748;1641337;0.4945;0.1241;0.0342;0.9891
-828719;1491986;0.4967;0.1241;0.0311;0.9934
-828561;1940689;0.4837;0.1243;0.0405;0.9674
-828476;1485428;0.4982;0.1244;0.0310;0.9965
-828336;1490601;0.4982;0.1245;0.0311;0.9965
-828266;1566946;0.4957;0.1246;0.0327;0.9913
-828168;3687163;0.4607;0.1247;0.0769;0.9214
-828086;1555545;0.4954;0.1248;0.0324;0.9907
-828069;1482449;0.4973;0.1248;0.0309;0.9946
-828059;1824462;0.4882;0.1248;0.0380;0.9764
-828053;1951029;0.4829;0.1248;0.0407;0.9657
-828052;1481226;0.4972;0.1248;0.0309;0.9945
-827986;1930971;0.4829;0.1249;0.0403;0.9657
-827924;1625305;0.4949;0.1250;0.0339;0.9898
-827864;1731390;0.4917;0.1250;0.0361;0.9835
-827679;1464616;0.4967;0.1252;0.0305;0.9933
-827597;1727401;0.4930;0.1253;0.0360;0.9861
-827378;1804489;0.4886;0.1255;0.0376;0.9772
-827031;2490822;0.4649;0.1259;0.0519;0.9297
-827028;1874012;0.4853;0.1259;0.0391;0.9707
-826904;1461594;0.4971;0.1260;0.0305;0.9942
-826762;1451566;0.4978;0.1262;0.0303;0.9955
-826744;1788946;0.4893;0.1262;0.0373;0.9787
-826694;1430510;0.4971;0.1263;0.0298;0.9942
-826548;3597627;0.4627;0.1264;0.0750;0.9253
-826339;1647625;0.4939;0.1266;0.0344;0.9878
-826177;1571087;0.4951;0.1268;0.0328;0.9903
-826152;2464689;0.4667;0.1268;0.0514;0.9334
-826067;3697653;0.4601;0.1269;0.0771;0.9202
-826067;1607982;0.4950;0.1269;0.0335;0.9899
-826053;1692396;0.4931;0.1269;0.0353;0.9863
-826029;2248466;0.4735;0.1270;0.0469;0.9471
-825946;2030491;0.4800;0.1271;0.0423;0.9600
-825833;1428400;0.4976;0.1272;0.0298;0.9951
-825647;1460401;0.4966;0.1274;0.0305;0.9932
-825637;1777941;0.4899;0.1274;0.0371;0.9799
-825628;1504578;0.4961;0.1274;0.0314;0.9922
-825607;1618241;0.4949;0.1274;0.0337;0.9898
-825548;1416024;0.4973;0.1275;0.0295;0.9946
-825548;2094706;0.4784;0.1275;0.0437;0.9568
-825515;1879943;0.4837;0.1275;0.0392;0.9675
-825371;1534536;0.4960;0.1277;0.0320;0.9920
-825262;1984529;0.4819;0.1278;0.0414;0.9638
-825076;1413754;0.4969;0.1280;0.0295;0.9938
-824878;1841263;0.4873;0.1282;0.0384;0.9746
-824852;1384762;0.4977;0.1282;0.0289;0.9954
-824525;2430058;0.4673;0.1286;0.0507;0.9346
-824521;2095302;0.4784;0.1286;0.0437;0.9567
-824500;2353798;0.4707;0.1286;0.0491;0.9414
-824425;1936029;0.4820;0.1287;0.0404;0.9640
-824060;1640965;0.4943;0.1290;0.0342;0.9887
-824026;1546000;0.4955;0.1291;0.0322;0.9909
-823991;1378329;0.4980;0.1291;0.0287;0.9960
-823979;1469626;0.4965;0.1291;0.0306;0.9930
-823945;2028675;0.4808;0.1292;0.0423;0.9616
-823911;3646425;0.4618;0.1292;0.0760;0.9236
-823754;2283360;0.4714;0.1294;0.0476;0.9428
-823706;1374386;0.4979;0.1294;0.0287;0.9957
-823439;3674189;0.4609;0.1297;0.0766;0.9218
-823404;3429399;0.4632;0.1297;0.0715;0.9264
-823299;2041641;0.4798;0.1299;0.0426;0.9595
-823234;1372116;0.4975;0.1299;0.0286;0.9949
-823195;1356662;0.4985;0.1300;0.0283;0.9969
-823144;1965927;0.4819;0.1300;0.0410;0.9638
-823080;1358982;0.4982;0.1301;0.0283;0.9964
-822932;1499517;0.4960;0.1302;0.0313;0.9920
-822740;1524435;0.4953;0.1304;0.0318;0.9906
-822681;2214520;0.4739;0.1305;0.0462;0.9478
-822454;1467701;0.4962;0.1307;0.0306;0.9923
-822441;1358908;0.4981;0.1308;0.0283;0.9963
-822375;2254084;0.4722;0.1308;0.0470;0.9444
-822331;2248381;0.4730;0.1309;0.0469;0.9460
-822279;2059808;0.4787;0.1309;0.0430;0.9575
-822277;1518683;0.4955;0.1309;0.0317;0.9911
-822025;1534314;0.4951;0.1312;0.0320;0.9902
-821874;1337480;0.4989;0.1314;0.0279;0.9978
-821828;1338139;0.4986;0.1314;0.0279;0.9971
-821611;1899250;0.4837;0.1316;0.0396;0.9673
-821535;1326602;0.4985;0.1317;0.0277;0.9970
-821482;1316573;0.4988;0.1318;0.0275;0.9975
-821274;1452182;0.4969;0.1320;0.0303;0.9937
-821222;1342380;0.4984;0.1320;0.0280;0.9968
-821016;1402298;0.4973;0.1323;0.0292;0.9946
-820998;1323996;0.4984;0.1323;0.0276;0.9968
-820940;2246580;0.4737;0.1323;0.0468;0.9474
-820884;2033240;0.4799;0.1324;0.0424;0.9598
-820812;1501616;0.4957;0.1325;0.0313;0.9914
-820620;1806640;0.4884;0.1327;0.0377;0.9767
-820520;1489165;0.4961;0.1328;0.0311;0.9923
-820491;1490152;0.4957;0.1328;0.0311;0.9914
-820275;1657076;0.4936;0.1331;0.0346;0.9873
-820189;1460578;0.4960;0.1331;0.0305;0.9920
-820188;3713692;0.4580;0.1331;0.0774;0.9160
-820115;1298050;0.4988;0.1332;0.0271;0.9977
-820029;2133459;0.4746;0.1333;0.0445;0.9491
-819936;1430510;0.4968;0.1334;0.0298;0.9936
-819824;3536353;0.4613;0.1335;0.0737;0.9226
-819693;2118242;0.4757;0.1337;0.0442;0.9514
-819677;1356684;0.4978;0.1337;0.0283;0.9957
-819618;1400812;0.4973;0.1337;0.0292;0.9946
-819444;3545560;0.4603;0.1339;0.0739;0.9206
-819249;1418581;0.4964;0.1341;0.0296;0.9929
-819216;1500289;0.4953;0.1342;0.0313;0.9907
-819206;1334620;0.4982;0.1342;0.0278;0.9964
-819186;1287689;0.4987;0.1342;0.0269;0.9974
-819176;2018411;0.4802;0.1342;0.0421;0.9605
-819129;1623482;0.4939;0.1343;0.0339;0.9878
-819069;2107225;0.4753;0.1343;0.0439;0.9506
-819056;1295313;0.4985;0.1343;0.0270;0.9969
-818903;1451066;0.4955;0.1345;0.0303;0.9911
-818894;1980066;0.4807;0.1345;0.0413;0.9613
-818889;3524345;0.4604;0.1345;0.0735;0.9208
-818790;2078389;0.4783;0.1346;0.0433;0.9567
-818731;1804639;0.4882;0.1347;0.0376;0.9763
-818697;1351258;0.4979;0.1347;0.0282;0.9957
-818667;1437082;0.4962;0.1347;0.0300;0.9925
-818565;1397924;0.4967;0.1349;0.0292;0.9935
-818360;1343276;0.4976;0.1351;0.0280;0.9952
-818318;1413754;0.4966;0.1351;0.0295;0.9932
-818295;1676780;0.4932;0.1351;0.0350;0.9864
-818289;2085412;0.4769;0.1351;0.0435;0.9538
-818281;1672463;0.4932;0.1352;0.0349;0.9864
-818039;1564359;0.4941;0.1354;0.0326;0.9882
-818032;3662464;0.4597;0.1354;0.0764;0.9195
-817888;1341007;0.4972;0.1356;0.0280;0.9944
-817598;1266857;0.4987;0.1359;0.0264;0.9974
-817560;3690229;0.4588;0.1359;0.0770;0.9176
-817551;1333470;0.4980;0.1359;0.0278;0.9959
-817518;1318147;0.4981;0.1360;0.0275;0.9962
-817477;3641249;0.4598;0.1360;0.0759;0.9196
-817447;1303302;0.4982;0.1360;0.0272;0.9964
-817429;1300133;0.4984;0.1361;0.0271;0.9968
-817410;2057232;0.4783;0.1361;0.0429;0.9567
-817364;1281698;0.4984;0.1361;0.0267;0.9968
-817262;3524527;0.4603;0.1362;0.0735;0.9205
-817246;1268805;0.4986;0.1363;0.0265;0.9973
-817137;1392265;0.4965;0.1364;0.0290;0.9930
-817066;1316255;0.4981;0.1364;0.0274;0.9961
-817010;1506450;0.4949;0.1365;0.0314;0.9898
-816667;2010301;0.4780;0.1369;0.0419;0.9559
-816412;1370994;0.4970;0.1371;0.0286;0.9939
-816340;1326961;0.4979;0.1372;0.0277;0.9957
-816329;1340094;0.4975;0.1372;0.0279;0.9950
-816276;1922993;0.4824;0.1373;0.0401;0.9648
-816150;1992418;0.4803;0.1374;0.0415;0.9606
-816136;1285464;0.4983;0.1374;0.0268;0.9966
-815939;1326901;0.4972;0.1376;0.0277;0.9944
-815933;1265870;0.4983;0.1376;0.0264;0.9966
-815850;1255433;0.4985;0.1377;0.0262;0.9969
-815593;1359386;0.4964;0.1380;0.0283;0.9928
-815266;1356507;0.4971;0.1383;0.0283;0.9942
-815254;1852469;0.4867;0.1384;0.0386;0.9734
-815145;1461324;0.4955;0.1385;0.0305;0.9909
-815106;3473299;0.4620;0.1385;0.0724;0.9239
-814916;1937087;0.4815;0.1387;0.0404;0.9630
-814853;1891071;0.4835;0.1388;0.0394;0.9671
-814835;1469090;0.4951;0.1388;0.0306;0.9901
-814806;1769925;0.4896;0.1388;0.0369;0.9792
-814577;1445724;0.4955;0.1391;0.0301;0.9909
-814258;1293086;0.4983;0.1394;0.0270;0.9965
-813962;1268218;0.4982;0.1397;0.0264;0.9964
-813933;1242664;0.4988;0.1398;0.0259;0.9975
-813886;1293589;0.4982;0.1398;0.0270;0.9963
-813840;1244567;0.4982;0.1399;0.0260;0.9963
-813753;1502244;0.4950;0.1399;0.0313;0.9899
-813679;1331463;0.4972;0.1400;0.0278;0.9944
-813649;1640302;0.4930;0.1401;0.0342;0.9860
-813517;1564962;0.4933;0.1402;0.0326;0.9867
-813474;1238962;0.4987;0.1402;0.0258;0.9975
-813424;1517064;0.4942;0.1403;0.0316;0.9883
-813348;1293611;0.4974;0.1404;0.0270;0.9948
-813268;1240104;0.4986;0.1405;0.0259;0.9972
-813136;3796136;0.4570;0.1406;0.0792;0.9140
-813135;1343060;0.4971;0.1406;0.0280;0.9943
-813119;1791937;0.4875;0.1406;0.0374;0.9750
-813101;1995345;0.4801;0.1406;0.0416;0.9602
-813067;1620386;0.4930;0.1407;0.0338;0.9860
-812935;1545045;0.4933;0.1408;0.0322;0.9867
-812876;1219197;0.4985;0.1409;0.0254;0.9969
-812757;1425088;0.4964;0.1410;0.0297;0.9927
-812349;1829175;0.4861;0.1414;0.0381;0.9722
-812260;2281807;0.4711;0.1415;0.0476;0.9421
-812233;1226129;0.4984;0.1415;0.0256;0.9967
-812141;1968342;0.4811;0.1416;0.0410;0.9623
-812141;1969111;0.4807;0.1416;0.0411;0.9615
-811999;1215588;0.4985;0.1418;0.0253;0.9969
-811676;1415304;0.4952;0.1421;0.0295;0.9904
-811589;1530002;0.4939;0.1422;0.0319;0.9878
-811543;1982175;0.4795;0.1423;0.0413;0.9591
-811486;1329625;0.4971;0.1423;0.0277;0.9941
-811416;1289456;0.4976;0.1424;0.0269;0.9952
-811198;1279783;0.4969;0.1426;0.0267;0.9938
-811112;1212258;0.4982;0.1427;0.0253;0.9963
-811022;3584844;0.4590;0.1428;0.0748;0.9179
-810732;1403046;0.4962;0.1431;0.0293;0.9924
-810512;1241644;0.4981;0.1434;0.0259;0.9962
-810022;1331969;0.4968;0.1439;0.0278;0.9936
-809551;1270190;0.4979;0.1444;0.0265;0.9958
-809432;1359346;0.4967;0.1445;0.0283;0.9935
-808860;1305897;0.4965;0.1451;0.0272;0.9929
-808632;1244815;0.4980;0.1454;0.0260;0.9960
-808338;1335775;0.4960;0.1457;0.0279;0.9921
-808330;1265378;0.4976;0.1457;0.0264;0.9953
-808303;1579059;0.4931;0.1457;0.0329;0.9863
-808276;1190635;0.4979;0.1457;0.0248;0.9958
-808270;1292440;0.4968;0.1457;0.0270;0.9935
-808227;3544984;0.4600;0.1458;0.0739;0.9201
-808095;1889836;0.4835;0.1459;0.0394;0.9670
-808008;1225357;0.4978;0.1460;0.0256;0.9955
-807753;1373125;0.4956;0.1463;0.0286;0.9912
-807735;1563460;0.4931;0.1463;0.0326;0.9863
-807364;1510633;0.4947;0.1467;0.0315;0.9894
-807254;1314423;0.4964;0.1468;0.0274;0.9928
-807194;1236634;0.4972;0.1469;0.0258;0.9944
-806995;1491077;0.4947;0.1471;0.0311;0.9894
-806917;1890658;0.4832;0.1472;0.0394;0.9664
-806772;1466182;0.4948;0.1473;0.0306;0.9895
-806361;1783758;0.4873;0.1478;0.0372;0.9747
-806282;1227637;0.4967;0.1478;0.0256;0.9934
-806204;1450583;0.4948;0.1479;0.0302;0.9895
-806177;1515705;0.4932;0.1480;0.0316;0.9864
-805884;1462576;0.4941;0.1483;0.0305;0.9882
-805220;1397308;0.4950;0.1490;0.0291;0.9900
-804943;1842197;0.4851;0.1493;0.0384;0.9703
-804474;1418006;0.4947;0.1498;0.0296;0.9895
-804163;1361499;0.4960;0.1501;0.0284;0.9919
-802607;1337031;0.4955;0.1517;0.0279;0.9910
-802404;1287901;0.4961;0.1519;0.0269;0.9922
-802207;1281815;0.4961;0.1521;0.0267;0.9922
-801668;1459494;0.4943;0.1527;0.0304;0.9885
-801545;1549719;0.4931;0.1528;0.0323;0.9862
-801054;1472870;0.4934;0.1534;0.0307;0.9869
-800977;1534119;0.4931;0.1534;0.0320;0.9862
-800963;1529803;0.4931;0.1535;0.0319;0.9862
-799558;1442038;0.4939;0.1549;0.0301;0.9879
-798314;1863477;0.4847;0.1563;0.0389;0.9694
-797716;1388665;0.4946;0.1569;0.0290;0.9891
-796992;1841512;0.4847;0.1577;0.0384;0.9694
-795723;1262065;0.4957;0.1590;0.0263;0.9913
-794985;1463252;0.4933;0.1598;0.0305;0.9867
-794777;1247497;0.4951;0.1600;0.0260;0.9903
-793545;1553111;0.4927;0.1613;0.0324;0.9854
-792977;1537512;0.4927;0.1619;0.0321;0.9854
-792963;1533195;0.4927;0.1619;0.0320;0.9854
-789164;1392755;0.4943;0.1659;0.0290;0.9886
-780847;1357481;0.4944;0.1747;0.0283;0.9887
-778809;1420525;0.4931;0.1769;0.0296;0.9862
-772533;684452;0.4754;0.1835;0.0143;0.9508
-772352;903187;0.4751;0.1837;0.0188;0.9503
-772275;462715;0.4789;0.1838;0.0096;0.9578
-772068;1287993;0.4706;0.1840;0.0269;0.9413
-771577;935209;0.4723;0.1845;0.0195;0.9445
-771522;811852;0.4735;0.1846;0.0169;0.9469
-771502;572311;0.4754;0.1846;0.0119;0.9508
-769635;754958;0.4720;0.1866;0.0157;0.9441
-769279;424614;0.4762;0.1869;0.0089;0.9523
-769052;552947;0.4725;0.1872;0.0115;0.9450
-768891;397261;0.4746;0.1874;0.0083;0.9491
-768592;805723;0.4709;0.1877;0.0168;0.9418
-768584;745534;0.4705;0.1877;0.0155;0.9410
-768349;398160;0.4734;0.1879;0.0083;0.9469
-768305;461345;0.4716;0.1880;0.0096;0.9432
-768282;742894;0.4712;0.1880;0.0155;0.9424
-768279;529986;0.4704;0.1880;0.0111;0.9409
-768243;379848;0.4729;0.1880;0.0079;0.9458
-767892;379848;0.4729;0.1884;0.0079;0.9458
-767837;362092;0.4728;0.1885;0.0076;0.9456
-767711;639500;0.4700;0.1886;0.0133;0.9401
-767538;361032;0.4745;0.1888;0.0075;0.9490
-767451;361915;0.4737;0.1889;0.0075;0.9475
-767298;362092;0.4719;0.1890;0.0076;0.9437
-767225;452103;0.4712;0.1891;0.0094;0.9424
-767155;600614;0.4700;0.1892;0.0125;0.9401
-767135;907809;0.4691;0.1892;0.0189;0.9383
-767114;354954;0.4734;0.1892;0.0074;0.9469
-767044;345803;0.4721;0.1893;0.0072;0.9442
-766738;615855;0.4695;0.1896;0.0128;0.9391
-766598;365216;0.4712;0.1898;0.0076;0.9423
-766556;524372;0.4704;0.1898;0.0109;0.9409
-766483;782671;0.4693;0.1899;0.0163;0.9386
-766439;539733;0.4703;0.1899;0.0113;0.9407
-766383;645672;0.4691;0.1900;0.0135;0.9383
-766377;728803;0.4678;0.1900;0.0152;0.9356
-766324;326790;0.4767;0.1901;0.0068;0.9533
-766161;1388362;0.4665;0.1902;0.0290;0.9330
-766139;482278;0.4704;0.1903;0.0101;0.9409
-766126;638611;0.4693;0.1903;0.0133;0.9386
-766086;614448;0.4691;0.1903;0.0128;0.9383
-765997;483880;0.4686;0.1904;0.0101;0.9373
-765990;825389;0.4678;0.1904;0.0172;0.9355
-765973;729990;0.4678;0.1904;0.0152;0.9355
-765946;341233;0.4734;0.1905;0.0071;0.9469
-765887;317834;0.4766;0.1905;0.0066;0.9531
-765843;368801;0.4703;0.1906;0.0077;0.9406
-765743;721383;0.4673;0.1907;0.0150;0.9346
-765685;553074;0.4677;0.1907;0.0115;0.9354
-765619;347798;0.4717;0.1908;0.0073;0.9435
-765575;410984;0.4698;0.1909;0.0086;0.9397
-765486;312981;0.4713;0.1910;0.0065;0.9426
-765218;682752;0.4676;0.1912;0.0142;0.9351
-765172;333166;0.4709;0.1913;0.0069;0.9417
-765107;311730;0.4711;0.1914;0.0065;0.9421
-765091;437374;0.4694;0.1914;0.0091;0.9389
-765028;1025202;0.4668;0.1914;0.0214;0.9335
-764984;314854;0.4703;0.1915;0.0066;0.9406
-764926;454541;0.4691;0.1915;0.0095;0.9382
-764923;292850;0.4704;0.1916;0.0061;0.9409
-764847;364976;0.4703;0.1916;0.0076;0.9406
-764825;441056;0.4685;0.1917;0.0092;0.9370
-764668;440086;0.4693;0.1918;0.0092;0.9387
-764662;351623;0.4694;0.1918;0.0073;0.9388
-764585;617914;0.4673;0.1919;0.0129;0.9346
-764534;1153522;0.4658;0.1920;0.0241;0.9316
-764503;260987;0.4717;0.1920;0.0054;0.9435
-764499;389792;0.4682;0.1920;0.0081;0.9365
-764494;427870;0.4682;0.1920;0.0089;0.9364
-764334;981439;0.4664;0.1922;0.0205;0.9327
-764320;312309;0.4703;0.1922;0.0065;0.9406
-764307;386995;0.4686;0.1922;0.0081;0.9373
-764280;752391;0.4666;0.1922;0.0157;0.9331
-764280;386893;0.4686;0.1922;0.0081;0.9373
-764271;474474;0.4677;0.1922;0.0099;0.9354
-764263;656991;0.4666;0.1922;0.0137;0.9331
-763896;582707;0.4673;0.1926;0.0122;0.9346
-763888;1022596;0.4658;0.1926;0.0213;0.9316
-763869;747154;0.4658;0.1927;0.0156;0.9316
-763820;297677;0.4694;0.1927;0.0062;0.9388
-763764;848520;0.4656;0.1928;0.0177;0.9312
-763747;278033;0.4688;0.1928;0.0058;0.9376
-763739;574086;0.4675;0.1928;0.0120;0.9350
-763644;523381;0.4656;0.1929;0.0109;0.9312
-763559;253717;0.4719;0.1930;0.0053;0.9438
-763547;403649;0.4682;0.1930;0.0084;0.9364
-763525;455464;0.4674;0.1930;0.0095;0.9347
-763419;376431;0.4676;0.1931;0.0078;0.9352
-763352;414922;0.4666;0.1932;0.0087;0.9333
-763277;296673;0.4685;0.1933;0.0062;0.9370
-763000;274552;0.4716;0.1936;0.0057;0.9433
-762989;255435;0.4700;0.1936;0.0053;0.9400
-762932;581763;0.4655;0.1937;0.0121;0.9309
-762903;488454;0.4656;0.1937;0.0102;0.9312
-762902;383362;0.4675;0.1937;0.0080;0.9351
-762707;300683;0.4684;0.1939;0.0063;0.9367
-762685;1080690;0.4648;0.1939;0.0225;0.9297
-762601;351652;0.4674;0.1940;0.0073;0.9348
-762551;387564;0.4674;0.1941;0.0081;0.9347
-762545;565446;0.4654;0.1941;0.0118;0.9308
-762476;250697;0.4695;0.1941;0.0052;0.9391
-762452;282859;0.4685;0.1942;0.0059;0.9371
-762441;332148;0.4677;0.1942;0.0069;0.9354
-762360;238899;0.4701;0.1943;0.0050;0.9401
-762280;294851;0.4666;0.1943;0.0061;0.9332
-762257;242489;0.4686;0.1944;0.0051;0.9372
-762216;974323;0.4644;0.1944;0.0203;0.9289
-762156;746173;0.4643;0.1945;0.0156;0.9286
-762113;1047503;0.4641;0.1945;0.0218;0.9282
-762045;448865;0.4647;0.1946;0.0094;0.9293
-761801;448370;0.4662;0.1949;0.0093;0.9324
-761491;381326;0.4644;0.1952;0.0080;0.9289
-761487;821719;0.4635;0.1952;0.0171;0.9269
-761410;884112;0.4630;0.1953;0.0184;0.9261
-761379;724267;0.4638;0.1953;0.0151;0.9277
-761369;294065;0.4682;0.1953;0.0061;0.9363
-761236;235879;0.4679;0.1954;0.0049;0.9357
-761209;662696;0.4643;0.1955;0.0138;0.9286
-761112;594961;0.4626;0.1956;0.0124;0.9253
-761059;214809;0.4700;0.1956;0.0045;0.9400
-760912;279794;0.4657;0.1958;0.0058;0.9314
-760675;256889;0.4669;0.1960;0.0054;0.9339
-760560;394729;0.4636;0.1962;0.0082;0.9273
-760381;254897;0.4672;0.1964;0.0053;0.9345
-760218;559516;0.4635;0.1965;0.0117;0.9269
-760165;258628;0.4665;0.1966;0.0054;0.9329
-760093;360987;0.4656;0.1967;0.0075;0.9313
-760085;565777;0.4619;0.1967;0.0118;0.9238
-760072;218702;0.4669;0.1967;0.0046;0.9339
-760041;288749;0.4648;0.1967;0.0060;0.9297
-759933;1217669;0.4606;0.1968;0.0254;0.9212
-759853;992837;0.4613;0.1969;0.0207;0.9225
-759603;330666;0.4645;0.1972;0.0069;0.9290
-759569;661906;0.4609;0.1972;0.0138;0.9217
-759549;203384;0.4687;0.1972;0.0042;0.9374
-759457;246069;0.4669;0.1973;0.0051;0.9338
-759299;274895;0.4648;0.1975;0.0057;0.9297
-759203;294851;0.4646;0.1976;0.0061;0.9293
-759170;262037;0.4639;0.1976;0.0055;0.9277
-759162;231251;0.4660;0.1976;0.0048;0.9319
-758798;530352;0.4631;0.1980;0.0111;0.9261
-758736;0;0.4489;0.1981;-0.0000;0.8979
-758724;0;0.4489;0.1981;-0.0000;0.8979
-758711;0;0.4481;0.1981;-0.0000;0.8961
-755826;0;0.4456;0.2012;-0.0000;0.8911
-753188;0;0.4433;0.2040;-0.0000;0.8866
-753090;0;0.4430;0.2041;-0.0000;0.8860
-751637;0;0.4430;0.2056;-0.0000;0.8859
-750072;0;0.4426;0.2072;-0.0000;0.8853
-749666;0;0.4426;0.2077;-0.0000;0.8853
-748787;0;0.4413;0.2086;-0.0000;0.8825
-747483;0;0.4403;0.2100;-0.0000;0.8806
-747448;0;0.4382;0.2100;-0.0000;0.8764
-745722;0;0.4362;0.2118;-0.0000;0.8725
-745232;0;0.4358;0.2124;-0.0000;0.8715
-744075;0;0.4351;0.2136;-0.0000;0.8701
-741616;0;0.4334;0.2162;-0.0000;0.8667
-740582;0;0.4334;0.2173;-0.0000;0.8667
-739968;0;0.4316;0.2179;-0.0000;0.8632
-739731;0;0.4299;0.2182;-0.0000;0.8598
-738033;0;0.4291;0.2200;-0.0000;0.8583
-737476;0;0.4290;0.2206;-0.0000;0.8581
-736929;0;0.4290;0.2211;-0.0000;0.8580
-735771;0;0.4283;0.2224;-0.0000;0.8567
-735173;0;0.4272;0.2230;-0.0000;0.8545
-733923;0;0.4266;0.2243;-0.0000;0.8532
-732432;0;0.4251;0.2259;-0.0000;0.8503
-731940;0;0.4244;0.2264;-0.0000;0.8488
-731534;0;0.4242;0.2268;-0.0000;0.8485
-731160;0;0.4235;0.2272;-0.0000;0.8469
-730904;0;0.4229;0.2275;-0.0000;0.8458
-730536;0;0.4215;0.2279;-0.0000;0.8430
-728805;0;0.4210;0.2297;-0.0000;0.8420
-727526;0;0.4208;0.2311;-0.0000;0.8415
-726970;0;0.4197;0.2317;-0.0000;0.8393
-726353;0;0.4195;0.2323;-0.0000;0.8391
-725651;0;0.4194;0.2331;-0.0000;0.8388
-725067;0;0.4188;0.2337;-0.0000;0.8375
-724659;0;0.4163;0.2341;-0.0000;0.8326
-723563;0;0.4152;0.2353;-0.0000;0.8304
-723342;0;0.4151;0.2355;-0.0000;0.8303
-722135;0;0.4147;0.2368;-0.0000;0.8294
-720384;0;0.4144;0.2386;-0.0000;0.8287
-719593;0;0.4130;0.2395;-0.0000;0.8261
-718300;0;0.4123;0.2408;-0.0000;0.8245
-717044;0;0.4112;0.2422;-0.0000;0.8224
-716550;0;0.4106;0.2427;-0.0000;0.8211
-715810;0;0.4100;0.2435;-0.0000;0.8201
-715163;0;0.4077;0.2441;-0.0000;0.8154
-715137;0;0.4072;0.2442;-0.0000;0.8143
-712437;0;0.4070;0.2470;-0.0000;0.8141
-710619;0;0.4045;0.2489;-0.0000;0.8090
-710131;0;0.4040;0.2495;-0.0000;0.8080
-709553;0;0.4037;0.2501;-0.0000;0.8075
-708814;0;0.4037;0.2509;-0.0000;0.8074
-708728;0;0.4012;0.2509;-0.0000;0.8024
-706967;0;0.4008;0.2528;-0.0000;0.8017
-706859;0;0.4004;0.2529;-0.0000;0.8008
-706689;0;0.3989;0.2531;-0.0000;0.7979
-705195;0;0.3980;0.2547;-0.0000;0.7960
-704654;0;0.3977;0.2553;-0.0000;0.7954
-704408;0;0.3972;0.2555;-0.0000;0.7944
-702141;0;0.3966;0.2579;-0.0000;0.7932
-702034;0;0.3959;0.2580;-0.0000;0.7918
-700310;0;0.3940;0.2598;-0.0000;0.7880
-698580;0;0.3929;0.2617;-0.0000;0.7858
-697122;0;0.3919;0.2632;-0.0000;0.7838
-696826;0;0.3912;0.2635;-0.0000;0.7824
-696505;0;0.3901;0.2639;-0.0000;0.7802
-695844;0;0.3881;0.2646;-0.0000;0.7762
-693396;0;0.3878;0.2671;-0.0000;0.7756
-692676;0;0.3872;0.2679;-0.0000;0.7744
-692054;0;0.3858;0.2686;-0.0000;0.7717
-689541;0;0.3854;0.2712;-0.0000;0.7709
-688779;0;0.3823;0.2720;-0.0000;0.7647
-685782;0;0.3801;0.2752;-0.0000;0.7601
-683490;0;0.3788;0.2776;-0.0000;0.7576
-682831;0;0.3784;0.2783;-0.0000;0.7568
-681180;0;0.3776;0.2801;-0.0000;0.7552
-680054;0;0.3766;0.2812;-0.0000;0.7533
-676929;0;0.3744;0.2846;-0.0000;0.7489
-676785;0;0.3730;0.2847;-0.0000;0.7461
-675987;0;0.3714;0.2855;-0.0000;0.7427
-671701;0;0.3692;0.2901;-0.0000;0.7384
-671168;0;0.3690;0.2906;-0.0000;0.7379
-669536;0;0.3682;0.2924;-0.0000;0.7363
-667562;0;0.3646;0.2945;-0.0000;0.7291
-665480;0;0.3630;0.2967;-0.0000;0.7259
-661985;0;0.3626;0.3003;-0.0000;0.7252
-660628;0;0.3617;0.3018;-0.0000;0.7235
-659148;0;0.3584;0.3033;-0.0000;0.7167
-657999;0;0.3582;0.3046;-0.0000;0.7165
-657138;0;0.3581;0.3055;-0.0000;0.7163
-656422;0;0.3549;0.3062;-0.0000;0.7099
-651290;0;0.3533;0.3117;-0.0000;0.7066
-647541;0;0.3533;0.3156;-0.0000;0.7065
-646668;0;0.3456;0.3165;-0.0000;0.6912
-640338;0;0.3448;0.3232;-0.0000;0.6895
-640037;0;0.3429;0.3235;-0.0000;0.6857
-633986;0;0.3402;0.3299;-0.0000;0.6804
-629908;0;0.3383;0.3342;-0.0000;0.6765
-628291;0;0.3347;0.3360;-0.0000;0.6694
-627099;0;0.3330;0.3372;-0.0000;0.6661
-617343;0;0.3279;0.3475;-0.0000;0.6558
-607309;0;0.3242;0.3581;-0.0000;0.6485
-597501;0;0.3194;0.3685;-0.0000;0.6388
-591872;0;0.3189;0.3744;-0.0000;0.6378
-585931;0;0.3135;0.3807;-0.0000;0.6270
-580711;0;0.3111;0.3862;-0.0000;0.6223
-573953;0;0.3096;0.3934;-0.0000;0.6192
-567195;0;0.3088;0.4005;-0.0000;0.6176
-524928;0;0.3086;0.4452;-0.0000;0.6172
