-583572;0;0.4752;0.1942;-0.0000;0.9504
-583554;0;0.4752;0.1942;-0.0000;0.9504
-583542;0;0.4749;0.1942;-0.0000;0.9498
-583368;0;0.4749;0.1944;-0.0000;0.9497
-581565;0;0.4736;0.1969;-0.0000;0.9471
-578076;0;0.4726;0.2018;-0.0000;0.9451
-577166;0;0.4699;0.2030;-0.0000;0.9398
-574084;0;0.4684;0.2073;-0.0000;0.9368
-573038;0;0.4684;0.2087;-0.0000;0.9367
-570747;0;0.4658;0.2119;-0.0000;0.9317
-570580;0;0.4648;0.2121;-0.0000;0.9296
-566551;0;0.4624;0.2177;-0.0000;0.9247
-565118;0;0.4618;0.2196;-0.0000;0.9236
-564660;0;0.4603;0.2203;-0.0000;0.9206
-563584;0;0.4586;0.2218;-0.0000;0.9172
-563298;0;0.4582;0.2222;-0.0000;0.9164
-562071;0;0.4574;0.2239;-0.0000;0.9147
-561786;0;0.4558;0.2242;-0.0000;0.9116
-557964;0;0.4552;0.2295;-0.0000;0.9105
-557140;0;0.4531;0.2307;-0.0000;0.9062
-556676;0;0.4526;0.2313;-0.0000;0.9053
-555639;0;0.4526;0.2327;-0.0000;0.9053
-555048;0;0.4515;0.2336;-0.0000;0.9031
-554738;0;0.4480;0.2340;-0.0000;0.8960
-550858;0;0.4432;0.2393;-0.0000;0.8864
-549788;0;0.4427;0.2408;-0.0000;0.8854
-547751;0;0.4403;0.2436;-0.0000;0.8807
-546682;0;0.4398;0.2451;-0.0000;0.8796
-544224;0;0.4369;0.2485;-0.0000;0.8738
-543586;0;0.4367;0.2494;-0.0000;0.8734
-540176;0;0.4334;0.2541;-0.0000;0.8667
-538722;0;0.4316;0.2561;-0.0000;0.8632
-535770;0;0.4275;0.2602;-0.0000;0.8550
-534581;0;0.4248;0.2618;-0.0000;0.8495
-530203;0;0.4239;0.2679;-0.0000;0.8477
-527029;0;0.4186;0.2722;-0.0000;0.8372
-524680;0;0.4176;0.2755;-0.0000;0.8352
-523299;0;0.4151;0.2774;-0.0000;0.8302
-520855;0;0.4151;0.2808;-0.0000;0.8302
-518478;0;0.4062;0.2840;-0.0000;0.8124
-513577;0;0.4060;0.2908;-0.0000;0.8121
-505439;0;0.3983;0.3021;-0.0000;0.7965
-504169;0;0.3961;0.3038;-0.0000;0.7922
-499311;0;0.3915;0.3105;-0.0000;0.7829
-495371;0;0.3877;0.3160;-0.0000;0.7754
-493900;0;0.3855;0.3180;-0.0000;0.7710
-490109;0;0.3833;0.3232;-0.0000;0.7666
-484643;0;0.3806;0.3308;-0.0000;0.7612
-483652;0;0.3775;0.3321;-0.0000;0.7551
-480823;0;0.3764;0.3360;-0.0000;0.7528
-476108;0;0.3694;0.3426;-0.0000;0.7387
-470180;0;0.3684;0.3507;-0.0000;0.7368
-466497;0;0.3644;0.3558;-0.0000;0.7289
-459764;0;0.3626;0.3651;-0.0000;0.7252
-456549;0;0.3599;0.3696;-0.0000;0.7198
-453604;0;0.3598;0.3736;-0.0000;0.7196
-447552;0;0.3510;0.3820;-0.0000;0.7020
-446584;0;0.3474;0.3833;-0.0000;0.6947
-439826;0;0.3437;0.3927;-0.0000;0.6875
-433607;0;0.3412;0.4012;-0.0000;0.6823
-427980;0;0.3383;0.4090;-0.0000;0.6767
-426849;0;0.3374;0.4106;-0.0000;0.6749
-423647;0;0.3362;0.4150;-0.0000;0.6724
-420488;0;0.3348;0.4194;-0.0000;0.6695
-413730;0;0.3316;0.4287;-0.0000;0.6631
-406972;0;0.3283;0.4380;-0.0000;0.6566
-400948;0;0.3255;0.4463;-0.0000;0.6509
-393456;0;0.3240;0.4567;-0.0000;0.6480
-385255;0;0.3228;0.4680;-0.0000;0.6456
-585023;166874;0.4832;0.1922;0.0042;0.9664
-586153;181880;0.4833;0.1906;0.0046;0.9666
-583739;196711;0.4820;0.1939;0.0049;0.9640
-586566;203035;0.4846;0.1900;0.0051;0.9692
-586762;216110;0.4879;0.1898;0.0054;0.9757
-587522;218778;0.4858;0.1887;0.0055;0.9716
-588581;229355;0.4876;0.1872;0.0058;0.9752
-586817;238027;0.4846;0.1897;0.0060;0.9692
-587427;244374;0.4846;0.1888;0.0061;0.9692
-588714;251594;0.4863;0.1871;0.0063;0.9726
-583793;261700;0.4818;0.1939;0.0066;0.9636
-589004;269769;0.4887;0.1867;0.0068;0.9773
-587549;281265;0.4850;0.1887;0.0071;0.9700
-591215;289931;0.4886;0.1836;0.0073;0.9773
-588388;302389;0.4846;0.1875;0.0076;0.9692
-590434;307915;0.4884;0.1847;0.0077;0.9769
-589026;317395;0.4859;0.1866;0.0080;0.9718
-586870;334986;0.4846;0.1896;0.0084;0.9692
-589104;337119;0.4884;0.1865;0.0085;0.9768
-591533;345533;0.4909;0.1832;0.0087;0.9819
-590500;354293;0.4881;0.1846;0.0089;0.9762
-585015;356787;0.4821;0.1922;0.0089;0.9642
-591506;369124;0.4886;0.1832;0.0093;0.9773
-593648;384753;0.4887;0.1802;0.0096;0.9774
-592645;387108;0.4878;0.1816;0.0097;0.9755
-590208;389275;0.4875;0.1850;0.0098;0.9750
-589244;391432;0.4862;0.1863;0.0098;0.9724
-589267;392669;0.4867;0.1863;0.0098;0.9734
-586928;397436;0.4828;0.1895;0.0100;0.9656
-590404;398102;0.4868;0.1847;0.0100;0.9736
-584524;404249;0.4818;0.1928;0.0101;0.9636
-585206;420541;0.4815;0.1919;0.0105;0.9630
-593922;420968;0.4912;0.1799;0.0106;0.9824
-594162;439252;0.4899;0.1795;0.0110;0.9797
-594484;446442;0.4924;0.1791;0.0112;0.9848
-594436;453762;0.4916;0.1792;0.0114;0.9833
-595094;458239;0.4902;0.1783;0.0115;0.9805
-588772;460343;0.4851;0.1870;0.0115;0.9703
-592622;466616;0.4867;0.1817;0.0117;0.9734
-595194;479672;0.4915;0.1781;0.0120;0.9830
-595375;510388;0.4936;0.1779;0.0128;0.9871
-596529;520853;0.4921;0.1763;0.0131;0.9843
-597373;525330;0.4910;0.1751;0.0132;0.9820
-598376;541037;0.4907;0.1737;0.0136;0.9815
-597261;544781;0.4907;0.1753;0.0137;0.9814
-588071;555353;0.4836;0.1880;0.0139;0.9673
-595649;555493;0.4887;0.1775;0.0139;0.9774
-597261;556214;0.4896;0.1753;0.0139;0.9792
-584930;599443;0.4814;0.1923;0.0150;0.9628
-585677;678744;0.4814;0.1913;0.0170;0.9628
-583955;701849;0.4801;0.1936;0.0176;0.9602
-588348;711977;0.4833;0.1876;0.0179;0.9666
-592723;747810;0.4734;0.1815;0.0188;0.9468
-587478;747810;0.4718;0.1888;0.0188;0.9437
-595757;762987;0.4761;0.1773;0.0191;0.9521
-588531;765905;0.4719;0.1873;0.0192;0.9438
-596102;773902;0.4779;0.1769;0.0194;0.9558
-599481;774541;0.4733;0.1722;0.0194;0.9466
-572853;789398;0.4676;0.2090;0.0198;0.9351
-607760;789717;0.4780;0.1608;0.0198;0.9559
-584601;795187;0.4707;0.1927;0.0199;0.9414
-585030;803754;0.4711;0.1921;0.0202;0.9423
-557978;815461;0.4477;0.2295;0.0205;0.8955
-588629;816326;0.4674;0.1872;0.0205;0.9348
-584193;818359;0.4600;0.1933;0.0205;0.9200
-601271;818438;0.4718;0.1697;0.0205;0.9437
-566210;818960;0.4444;0.2181;0.0205;0.8888
-549990;821043;0.4361;0.2405;0.0206;0.8721
-586968;824063;0.4623;0.1895;0.0207;0.9247
-540297;828217;0.4308;0.2539;0.0208;0.8616
-587160;828704;0.4562;0.1892;0.0208;0.9124
-592721;829075;0.4701;0.1815;0.0208;0.9403
-605547;832560;0.4742;0.1638;0.0209;0.9485
-555866;836879;0.4391;0.2324;0.0210;0.8781
-596382;840250;0.4663;0.1765;0.0211;0.9326
-562365;840918;0.4415;0.2234;0.0211;0.8830
-569594;843627;0.4532;0.2135;0.0212;0.9064
-614930;850324;0.4767;0.1509;0.0213;0.9533
-615055;853023;0.4782;0.1507;0.0214;0.9565
-531666;854476;0.4210;0.2658;0.0214;0.8419
-553323;862369;0.4358;0.2359;0.0216;0.8716
-610553;866650;0.4734;0.1569;0.0217;0.9468
-620179;868665;0.4784;0.1436;0.0218;0.9568
-570200;869140;0.4552;0.2126;0.0218;0.9104
-593918;869903;0.4563;0.1799;0.0218;0.9126
-601582;870079;0.4686;0.1693;0.0218;0.9372
-554388;870112;0.4303;0.2345;0.0218;0.8607
-620179;870315;0.4780;0.1436;0.0218;0.9561
-561984;870423;0.4381;0.2240;0.0218;0.8762
-597729;870770;0.4628;0.1746;0.0218;0.9256
-610650;871925;0.4685;0.1568;0.0219;0.9371
-578078;871957;0.4476;0.2017;0.0219;0.8952
-621278;873642;0.4788;0.1421;0.0219;0.9577
-596885;878340;0.4576;0.1758;0.0220;0.9153
-538424;881207;0.4205;0.2565;0.0221;0.8409
-609452;882125;0.4624;0.1584;0.0221;0.9247
-600208;882265;0.4613;0.1712;0.0221;0.9227
-581225;882835;0.4524;0.1974;0.0221;0.9048
-617341;882874;0.4759;0.1475;0.0221;0.9519
-615802;884992;0.4753;0.1497;0.0222;0.9505
-558426;886041;0.4363;0.2289;0.0222;0.8726
-613092;889498;0.4718;0.1534;0.0223;0.9437
-600490;891098;0.4605;0.1708;0.0223;0.9210
-566473;891766;0.4333;0.2178;0.0224;0.8666
-579939;892756;0.4473;0.1992;0.0224;0.8946
-617731;897302;0.4687;0.1470;0.0225;0.9374
-600622;898067;0.4589;0.1706;0.0225;0.9179
-585070;900855;0.4450;0.1921;0.0226;0.8900
-574866;904566;0.4425;0.2062;0.0227;0.8850
-595516;904936;0.4567;0.1777;0.0227;0.9134
-601593;905693;0.4603;0.1693;0.0227;0.9207
-556704;906571;0.4318;0.2313;0.0227;0.8635
-569491;907178;0.4418;0.2136;0.0228;0.8836
-576341;907308;0.4417;0.2041;0.0228;0.8834
-623560;909353;0.4796;0.1389;0.0228;0.9592
-553009;911593;0.4184;0.2364;0.0229;0.8369
-591489;913690;0.4543;0.1832;0.0229;0.9086
-578576;915779;0.4410;0.2011;0.0230;0.8819
-573035;915779;0.4382;0.2087;0.0230;0.8763
-617925;916683;0.4735;0.1467;0.0230;0.9471
-543292;916924;0.4107;0.2498;0.0230;0.8214
-594587;917354;0.4543;0.1790;0.0230;0.9086
-615457;917975;0.4613;0.1501;0.0230;0.9225
-586195;918579;0.4536;0.1905;0.0230;0.9071
-606597;918980;0.4562;0.1624;0.0230;0.9125
-581707;919519;0.4425;0.1967;0.0231;0.8850
-623519;923204;0.4793;0.1390;0.0232;0.9586
-618128;925030;0.4665;0.1464;0.0232;0.9329
-586688;925124;0.4518;0.1899;0.0232;0.9035
-581684;925300;0.4387;0.1968;0.0232;0.8774
-567741;927127;0.4359;0.2160;0.0233;0.8718
-559237;928207;0.4247;0.2278;0.0233;0.8494
-619373;928482;0.4687;0.1447;0.0233;0.9373
-626734;929132;0.4770;0.1346;0.0233;0.9540
-585922;930947;0.4485;0.1909;0.0233;0.8970
-587133;931442;0.4540;0.1892;0.0234;0.9080
-615518;931468;0.4633;0.1500;0.0234;0.9266
-533137;932683;0.4104;0.2638;0.0234;0.8209
-563462;933301;0.4316;0.2219;0.0234;0.8631
-619422;934294;0.4656;0.1447;0.0234;0.9312
-587921;934781;0.4520;0.1882;0.0234;0.9041
-586460;935123;0.4496;0.1902;0.0235;0.8991
-623174;936674;0.4751;0.1395;0.0235;0.9501
-591948;938348;0.4540;0.1826;0.0235;0.9080
-626946;939661;0.4721;0.1343;0.0236;0.9443
-621701;939661;0.4705;0.1415;0.0236;0.9409
-615480;940446;0.4613;0.1501;0.0236;0.9225
-552257;942167;0.4161;0.2374;0.0236;0.8321
-512763;943599;0.4039;0.2919;0.0237;0.8077
-626157;943893;0.4717;0.1354;0.0237;0.9435
-590592;944359;0.4528;0.1845;0.0237;0.9055
-622389;944639;0.4622;0.1406;0.0237;0.9244
-595340;945405;0.4505;0.1779;0.0237;0.9009
-577362;946423;0.4361;0.2027;0.0237;0.8722
-593749;946515;0.4431;0.1801;0.0237;0.8862
-563307;947085;0.4296;0.2221;0.0238;0.8591
-624429;947099;0.4645;0.1377;0.0238;0.9290
-580458;950307;0.4376;0.1985;0.0238;0.8752
-541276;950858;0.4085;0.2526;0.0238;0.8170
-596704;951796;0.4559;0.1760;0.0239;0.9119
-540527;951826;0.4038;0.2536;0.0239;0.8076
-609467;952446;0.4590;0.1584;0.0239;0.9179
-607380;954034;0.4578;0.1613;0.0239;0.9155
-560282;954933;0.4219;0.2263;0.0239;0.8438
-629203;955652;0.4696;0.1312;0.0240;0.9393
-609828;955771;0.4503;0.1579;0.0240;0.9005
-629328;961906;0.4778;0.1310;0.0241;0.9555
-547033;962047;0.4052;0.2446;0.0241;0.8104
-584794;962906;0.4419;0.1925;0.0241;0.8837
-632930;963348;0.4798;0.1260;0.0242;0.9596
-633578;963658;0.4790;0.1251;0.0242;0.9581
-593460;964199;0.4403;0.1805;0.0242;0.8807
-572991;964297;0.4304;0.2088;0.0242;0.8609
-518012;965895;0.3964;0.2847;0.0242;0.7929
-530770;967378;0.3967;0.2671;0.0243;0.7934
-553819;968178;0.4176;0.2352;0.0243;0.8352
-584694;968826;0.4366;0.1926;0.0243;0.8731
-630838;969369;0.4697;0.1289;0.0243;0.9395
-624820;971516;0.4680;0.1372;0.0244;0.9360
-569427;972186;0.4267;0.2137;0.0244;0.8535
-578328;972571;0.4296;0.2014;0.0244;0.8592
-590599;975587;0.4354;0.1845;0.0245;0.8709
-620089;978329;0.4598;0.1437;0.0245;0.9197
-630927;979348;0.4757;0.1288;0.0246;0.9513
-531771;980772;0.4001;0.2657;0.0246;0.8002
-598304;983509;0.4459;0.1738;0.0247;0.8919
-618395;984261;0.4572;0.1461;0.0247;0.9144
-564329;984315;0.4253;0.2207;0.0247;0.8507
-613268;985131;0.4540;0.1532;0.0247;0.9080
-565970;985614;0.4241;0.2185;0.0247;0.8481
-558170;985632;0.4188;0.2292;0.0247;0.8376
-632624;985678;0.4717;0.1264;0.0247;0.9433
-600292;985728;0.4443;0.1711;0.0247;0.8885
-629147;985838;0.4624;0.1312;0.0247;0.9247
-616586;987542;0.4506;0.1486;0.0248;0.9013
-563327;987772;0.4174;0.2221;0.0248;0.8347
-623311;989539;0.4614;0.1393;0.0248;0.9229
-592150;991009;0.4386;0.1823;0.0249;0.8772
-569006;991113;0.4249;0.2143;0.0249;0.8499
-629786;991455;0.4682;0.1303;0.0249;0.9363
-572543;991837;0.4268;0.2094;0.0249;0.8535
-595357;992822;0.4412;0.1779;0.0249;0.8823
-552854;993578;0.4106;0.2366;0.0249;0.8211
-634892;993645;0.4796;0.1233;0.0249;0.9592
-576185;994331;0.4268;0.2044;0.0249;0.8535
-564918;997755;0.4170;0.2199;0.0250;0.8341
-605628;997791;0.4438;0.1637;0.0250;0.8876
-597283;999125;0.4426;0.1752;0.0251;0.8851
-580778;1001965;0.4220;0.1980;0.0251;0.8439
-633026;1003512;0.4764;0.1259;0.0252;0.9527
-633677;1004364;0.4749;0.1250;0.0252;0.9499
-550793;1004442;0.4062;0.2394;0.0252;0.8124
-626556;1004894;0.4608;0.1348;0.0252;0.9217
-634700;1005924;0.4724;0.1236;0.0252;0.9447
-638025;1007023;0.4713;0.1190;0.0253;0.9426
-593106;1009499;0.4360;0.1810;0.0253;0.8721
-559098;1010335;0.4139;0.2280;0.0253;0.8278
-586047;1010622;0.4311;0.1907;0.0253;0.8622
-619847;1010898;0.4593;0.1441;0.0254;0.9186
-561324;1010924;0.4158;0.2249;0.0254;0.8316
-631100;1013251;0.4664;0.1285;0.0254;0.9328
-596866;1014030;0.4393;0.1758;0.0254;0.8787
-568527;1015453;0.4175;0.2149;0.0255;0.8351
-639948;1015547;0.4748;0.1163;0.0255;0.9496
-582943;1015858;0.4268;0.1950;0.0255;0.8536
-634164;1016020;0.4637;0.1243;0.0255;0.9273
-571437;1017267;0.4209;0.2109;0.0255;0.8419
-620007;1019641;0.4537;0.1439;0.0256;0.9075
-623785;1020023;0.4579;0.1386;0.0256;0.9158
-534431;1023137;0.3971;0.2620;0.0257;0.7943
-557179;1025375;0.4128;0.2306;0.0257;0.8256
-598862;1026202;0.4432;0.1730;0.0257;0.8863
-511109;1026282;0.3949;0.2942;0.0257;0.7898
-543798;1027226;0.4041;0.2491;0.0258;0.8083
-636645;1028565;0.4701;0.1209;0.0258;0.9402
-611577;1028717;0.4480;0.1555;0.0258;0.8960
-623344;1028742;0.4508;0.1392;0.0258;0.9015
-606094;1029956;0.4447;0.1631;0.0258;0.8893
-538963;1030593;0.3923;0.2558;0.0258;0.7846
-591802;1030738;0.4339;0.1828;0.0259;0.8677
-587058;1030758;0.4307;0.1893;0.0259;0.8615
-531782;1031073;0.3890;0.2657;0.0259;0.7780
-519779;1031073;0.3853;0.2823;0.0259;0.7705
-634578;1031822;0.4612;0.1237;0.0259;0.9224
-638888;1032551;0.4722;0.1178;0.0259;0.9444
-521663;1032556;0.3853;0.2797;0.0259;0.7705
-613106;1033095;0.4489;0.1534;0.0259;0.8979
-635497;1034588;0.4642;0.1225;0.0259;0.9283
-623999;1035541;0.4573;0.1383;0.0260;0.9146
-625059;1035972;0.4604;0.1369;0.0260;0.9207
-639645;1037657;0.4688;0.1167;0.0260;0.9376
-556327;1038605;0.4073;0.2318;0.0260;0.8147
-591504;1040393;0.4336;0.1832;0.0261;0.8672
-585317;1040722;0.4279;0.1918;0.0261;0.8559
-624886;1041146;0.4578;0.1371;0.0261;0.9157
-639791;1041448;0.4696;0.1165;0.0261;0.9393
-565485;1042653;0.4144;0.2191;0.0261;0.8288
-632783;1043633;0.4567;0.1262;0.0262;0.9134
-559111;1045091;0.4057;0.2279;0.0262;0.8115
-565876;1045904;0.4088;0.2186;0.0262;0.8175
-542410;1046385;0.3947;0.2510;0.0262;0.7893
-597084;1046998;0.4420;0.1755;0.0263;0.8841
-597009;1047238;0.4371;0.1756;0.0263;0.8741
-641714;1049972;0.4733;0.1139;0.0263;0.9465
-592186;1050169;0.4347;0.1823;0.0263;0.8695
-636135;1050633;0.4647;0.1216;0.0263;0.9293
-638329;1051086;0.4619;0.1186;0.0264;0.9238
-613987;1053475;0.4446;0.1522;0.0264;0.8892
-555981;1054228;0.3981;0.2323;0.0264;0.7962
-598355;1056052;0.4386;0.1737;0.0265;0.8772
-598270;1056780;0.4378;0.1739;0.0265;0.8756
-601416;1056791;0.4413;0.1695;0.0265;0.8825
-641300;1056863;0.4682;0.1144;0.0265;0.9365
-638872;1060011;0.4679;0.1178;0.0266;0.9358
-638739;1061491;0.4664;0.1180;0.0266;0.9328
-596257;1061515;0.4251;0.1766;0.0266;0.8501
-579918;1061905;0.4185;0.1992;0.0266;0.8370
-608349;1062288;0.4438;0.1599;0.0266;0.8876
-601244;1063024;0.4382;0.1698;0.0267;0.8765
-574198;1063040;0.4145;0.2071;0.0267;0.8290
-543531;1063136;0.3959;0.2495;0.0267;0.7918
-584174;1064709;0.4188;0.1933;0.0267;0.8376
-603035;1064771;0.4422;0.1673;0.0267;0.8845
-573227;1066751;0.4115;0.2084;0.0268;0.8230
-643223;1067215;0.4720;0.1118;0.0268;0.9440
-608594;1067365;0.4427;0.1596;0.0268;0.8855
-596394;1068631;0.4366;0.1765;0.0268;0.8732
-642984;1069882;0.4716;0.1121;0.0268;0.9433
-640030;1072790;0.4662;0.1162;0.0269;0.9324
-565884;1072872;0.4042;0.2186;0.0269;0.8085
-550622;1073876;0.3908;0.2397;0.0269;0.7816
-643680;1075237;0.4695;0.1112;0.0270;0.9389
-518870;1075552;0.3727;0.2835;0.0270;0.7455
-639286;1075814;0.4655;0.1172;0.0270;0.9311
-624013;1076192;0.4485;0.1383;0.0270;0.8970
-590455;1077406;0.4218;0.1847;0.0270;0.8436
-635976;1079197;0.4608;0.1218;0.0271;0.9217
-620170;1080621;0.4460;0.1436;0.0271;0.8919
-615017;1085027;0.4432;0.1507;0.0272;0.8864
-635396;1085568;0.4577;0.1226;0.0272;0.9154
-642369;1086256;0.4652;0.1130;0.0272;0.9304
-598603;1086310;0.4254;0.1734;0.0272;0.8509
-607541;1086500;0.4394;0.1611;0.0272;0.8788
-626980;1086537;0.4438;0.1342;0.0272;0.8875
-602104;1087116;0.4376;0.1686;0.0273;0.8752
-537720;1087514;0.3894;0.2575;0.0273;0.7788
-578130;1089870;0.4120;0.2017;0.0273;0.8239
-603194;1090715;0.4307;0.1671;0.0274;0.8614
-599139;1092002;0.4276;0.1727;0.0274;0.8551
-561552;1092352;0.3986;0.2246;0.0274;0.7971
-629282;1093139;0.4560;0.1310;0.0274;0.9121
-635143;1094325;0.4519;0.1229;0.0274;0.9038
-585809;1094905;0.4143;0.1911;0.0275;0.8285
-568619;1095730;0.4092;0.2148;0.0275;0.8183
-644681;1097550;0.4700;0.1098;0.0275;0.9399
-642691;1097985;0.4682;0.1125;0.0275;0.9365
-638016;1099717;0.4598;0.1190;0.0276;0.9196
-643867;1099762;0.4633;0.1109;0.0276;0.9267
-608952;1100137;0.4392;0.1591;0.0276;0.8784
-641037;1101005;0.4625;0.1148;0.0276;0.9249
-617400;1101947;0.4417;0.1475;0.0276;0.8833
-605521;1102048;0.4376;0.1639;0.0276;0.8753
-644750;1102480;0.4700;0.1097;0.0276;0.9399
-579281;1102745;0.4083;0.2001;0.0277;0.8165
-592391;1103450;0.4210;0.1820;0.0277;0.8421
-639292;1103592;0.4607;0.1172;0.0277;0.9214
-642050;1104952;0.4625;0.1134;0.0277;0.9250
-536925;1106974;0.3768;0.2586;0.0278;0.7537
-610394;1108948;0.4388;0.1571;0.0278;0.8775
-619551;1109491;0.4403;0.1445;0.0278;0.8805
-606222;1109711;0.4376;0.1629;0.0278;0.8752
-568520;1110171;0.4045;0.2149;0.0278;0.8090
-561770;1110807;0.4024;0.2243;0.0279;0.8047
-644336;1111021;0.4642;0.1103;0.0279;0.9284
-545377;1111128;0.3830;0.2469;0.0279;0.7660
-584924;1112017;0.4123;0.1923;0.0279;0.8245
-565989;1112441;0.4034;0.2184;0.0279;0.8068
-631296;1113779;0.4513;0.1283;0.0279;0.9026
-605704;1115311;0.4356;0.1636;0.0280;0.8713
-642336;1116357;0.4633;0.1130;0.0280;0.9265
-590451;1118028;0.4201;0.1847;0.0280;0.8401
-587247;1118538;0.4197;0.1891;0.0281;0.8394
-599378;1118721;0.4296;0.1723;0.0281;0.8592
-606963;1119325;0.4277;0.1619;0.0281;0.8555
-646259;1119722;0.4686;0.1076;0.0281;0.9371
-616174;1120953;0.4374;0.1491;0.0281;0.8747
-641623;1121396;0.4623;0.1140;0.0281;0.9247
-638003;1121783;0.4580;0.1190;0.0281;0.9161
-566912;1122369;0.4002;0.2172;0.0281;0.8003
-588037;1122594;0.4150;0.1880;0.0282;0.8301
-531696;1126197;0.3766;0.2658;0.0282;0.7531
-598956;1126429;0.4254;0.1729;0.0283;0.8508
-630190;1126531;0.4471;0.1298;0.0283;0.8942
-607946;1126614;0.4345;0.1605;0.0283;0.8690
-543759;1127394;0.3735;0.2491;0.0283;0.7470
-640537;1128364;0.4595;0.1155;0.0283;0.9191
-624125;1128504;0.4359;0.1382;0.0283;0.8719
-635441;1128793;0.4515;0.1225;0.0283;0.9031
-642345;1129411;0.4618;0.1130;0.0283;0.9236
-560285;1129894;0.3982;0.2263;0.0283;0.7965
-597026;1130222;0.4205;0.1756;0.0283;0.8409
-630246;1130603;0.4507;0.1297;0.0284;0.9015
-637095;1130760;0.4577;0.1203;0.0284;0.9154
-644742;1131928;0.4633;0.1097;0.0284;0.9266
-630865;1132096;0.4491;0.1289;0.0284;0.8982
-604518;1132122;0.4277;0.1652;0.0284;0.8554
-568030;1132148;0.3977;0.2156;0.0284;0.7953
-639216;1132929;0.4583;0.1173;0.0284;0.9165
-646046;1134209;0.4599;0.1079;0.0284;0.9197
-631285;1134363;0.4502;0.1283;0.0284;0.9004
-573795;1135097;0.4075;0.2077;0.0285;0.8151
-642700;1135791;0.4538;0.1125;0.0285;0.9075
-599035;1137696;0.4252;0.1728;0.0285;0.8503
-617389;1138368;0.4314;0.1475;0.0285;0.8628
-562341;1138892;0.3955;0.2235;0.0286;0.7910
-530802;1139004;0.3705;0.2670;0.0286;0.7409
-630514;1139147;0.4432;0.1293;0.0286;0.8864
-571676;1140670;0.4075;0.2106;0.0286;0.8150
-641751;1145636;0.4520;0.1138;0.0287;0.9041
-646423;1146371;0.4670;0.1074;0.0288;0.9340
-502162;1146529;0.3598;0.3066;0.0288;0.7196
-571910;1147402;0.4023;0.2103;0.0288;0.8046
-647717;1148231;0.4664;0.1056;0.0288;0.9328
-635150;1150056;0.4511;0.1229;0.0288;0.9022
-646423;1150511;0.4634;0.1074;0.0289;0.9268
-626309;1150690;0.4404;0.1351;0.0289;0.8808
-637844;1151977;0.4514;0.1192;0.0289;0.9027
-578884;1152361;0.4054;0.2006;0.0289;0.8109
-589289;1152498;0.4200;0.1863;0.0289;0.8399
-530808;1152979;0.3713;0.2670;0.0289;0.7427
-599661;1153022;0.4249;0.1719;0.0289;0.8499
-637623;1153624;0.4494;0.1195;0.0289;0.8988
-576907;1153695;0.4044;0.2034;0.0289;0.8089
-592440;1156692;0.4196;0.1819;0.0290;0.8393
-552847;1156825;0.3825;0.2366;0.0290;0.7651
-631703;1157073;0.4460;0.1277;0.0290;0.8920
-611276;1158853;0.4260;0.1559;0.0291;0.8519
-568104;1159255;0.3987;0.2155;0.0291;0.7975
-573029;1159404;0.4003;0.2087;0.0291;0.8006
-633474;1159730;0.4491;0.1253;0.0291;0.8981
-626765;1160307;0.4416;0.1345;0.0291;0.8832
-564402;1163210;0.3919;0.2206;0.0292;0.7838
-587074;1164312;0.4137;0.1893;0.0292;0.8274
-631197;1164635;0.4431;0.1284;0.0292;0.8862
-646121;1165817;0.4563;0.1078;0.0292;0.9125
-608306;1167386;0.4259;0.1600;0.0293;0.8518
-585917;1167703;0.4048;0.1909;0.0293;0.8096
-632581;1168285;0.4469;0.1265;0.0293;0.8938
-592469;1168286;0.4188;0.1819;0.0293;0.8377
-558847;1168681;0.3830;0.2283;0.0293;0.7659
-637070;1169961;0.4491;0.1203;0.0293;0.8982
-632935;1170728;0.4490;0.1260;0.0294;0.8981
-539337;1172830;0.3722;0.2552;0.0294;0.7445
-574049;1172971;0.4010;0.2073;0.0294;0.8020
-647585;1173548;0.4654;0.1058;0.0294;0.9308
-642872;1173615;0.4515;0.1123;0.0294;0.9031
-618883;1174276;0.4354;0.1454;0.0295;0.8709
-613625;1175560;0.4311;0.1527;0.0295;0.8623
-635306;1176254;0.4440;0.1227;0.0295;0.8881
-604088;1177918;0.4241;0.1658;0.0295;0.8482
-602294;1178833;0.4189;0.1683;0.0296;0.8378
-603654;1179067;0.4238;0.1664;0.0296;0.8476
-589544;1180937;0.4131;0.1859;0.0296;0.8262
-646956;1181654;0.4603;0.1066;0.0296;0.9207
-584929;1181657;0.4047;0.1923;0.0296;0.8094
-579787;1182466;0.4002;0.1994;0.0297;0.8004
-607141;1183113;0.4225;0.1616;0.0297;0.8450
-508920;1183780;0.3545;0.2972;0.0297;0.7090
-636598;1183991;0.4483;0.1209;0.0297;0.8966
-648067;1184470;0.4590;0.1051;0.0297;0.9179
-549292;1188608;0.3745;0.2415;0.0298;0.7490
-643511;1189463;0.4551;0.1114;0.0298;0.9102
-576223;1189716;0.3904;0.2043;0.0298;0.7808
-589678;1189720;0.4135;0.1857;0.0298;0.8270
-610642;1191055;0.4256;0.1568;0.0299;0.8512
-626916;1191110;0.4399;0.1343;0.0299;0.8798
-644399;1192181;0.4542;0.1102;0.0299;0.9085
-539705;1193777;0.3683;0.2547;0.0299;0.7366
-648459;1194216;0.4639;0.1046;0.0300;0.9277
-646675;1194698;0.4574;0.1070;0.0300;0.9148
-628038;1195151;0.4409;0.1328;0.0300;0.8819
-643951;1196593;0.4535;0.1108;0.0300;0.9069
-646443;1196788;0.4563;0.1073;0.0300;0.9125
-646460;1196985;0.4557;0.1073;0.0300;0.9114
-623910;1197161;0.4334;0.1385;0.0300;0.8668
-646921;1197669;0.4586;0.1067;0.0300;0.9171
-524802;1197684;0.3651;0.2753;0.0300;0.7302
-624330;1198962;0.4321;0.1379;0.0301;0.8642
-624858;1200533;0.4372;0.1372;0.0301;0.8745
-521433;1200877;0.3589;0.2800;0.0301;0.7179
-628724;1201914;0.4416;0.1318;0.0301;0.8832
-650521;1202582;0.4601;0.1017;0.0302;0.9202
-503190;1202629;0.3503;0.3052;0.0302;0.7005
-596404;1203863;0.4116;0.1764;0.0302;0.8231
-552850;1205048;0.3760;0.2366;0.0302;0.7521
-639693;1206261;0.4492;0.1167;0.0303;0.8984
-583596;1208133;0.4011;0.1941;0.0303;0.8021
-628596;1208721;0.4388;0.1320;0.0303;0.8775
-558895;1208825;0.3810;0.2282;0.0303;0.7620
-615278;1210059;0.4299;0.1504;0.0303;0.8599
-643237;1210607;0.4494;0.1118;0.0304;0.8989
-588091;1210858;0.3999;0.1879;0.0304;0.7998
-639413;1210951;0.4460;0.1171;0.0304;0.8920
-603981;1210995;0.4189;0.1660;0.0304;0.8379
-614226;1212005;0.4299;0.1518;0.0304;0.8597
-582689;1212068;0.3968;0.1954;0.0304;0.7936
-644942;1212374;0.4515;0.1094;0.0304;0.9031
-628462;1212915;0.4334;0.1322;0.0304;0.8668
-601629;1213803;0.4167;0.1692;0.0304;0.8334
-621230;1215339;0.4301;0.1422;0.0305;0.8602
-647202;1216106;0.4522;0.1063;0.0305;0.9045
-606385;1217397;0.4197;0.1627;0.0305;0.8394
-591538;1218436;0.4102;0.1832;0.0306;0.8204
-591331;1218824;0.4069;0.1834;0.0306;0.8139
-515678;1219187;0.3542;0.2879;0.0306;0.7084
-569717;1219218;0.3887;0.2133;0.0306;0.7774
-593972;1221104;0.4042;0.1798;0.0306;0.8084
-600190;1221339;0.4123;0.1712;0.0306;0.8247
-648311;1221760;0.4570;0.1048;0.0306;0.9140
-639986;1222190;0.4457;0.1163;0.0307;0.8914
-582740;1223408;0.3926;0.1953;0.0307;0.7851
-648035;1223612;0.4518;0.1051;0.0307;0.9036
-595541;1224242;0.3981;0.1776;0.0307;0.7963
-564787;1226196;0.3845;0.2201;0.0308;0.7690
-604309;1226721;0.4154;0.1655;0.0308;0.8308
-648615;1227009;0.4588;0.1043;0.0308;0.9177
-632964;1229746;0.4425;0.1260;0.0308;0.8849
-632318;1229767;0.4397;0.1269;0.0308;0.8795
-643234;1229832;0.4477;0.1118;0.0308;0.8955
-614438;1229848;0.4228;0.1515;0.0308;0.8455
-635919;1230098;0.4362;0.1219;0.0309;0.8725
-570737;1230357;0.3828;0.2119;0.0309;0.7657
-631088;1230734;0.4323;0.1285;0.0309;0.8646
-556014;1230923;0.3743;0.2322;0.0309;0.7487
-651221;1231343;0.4594;0.1007;0.0309;0.9188
-649424;1231626;0.4530;0.1032;0.0309;0.9059
-619760;1231763;0.4284;0.1442;0.0309;0.8567
-527238;1232483;0.3646;0.2720;0.0309;0.7292
-617125;1233133;0.4273;0.1478;0.0309;0.8547
-640549;1233589;0.4425;0.1155;0.0309;0.8851
-650337;1235053;0.4592;0.1020;0.0310;0.9184
-642626;1238103;0.4441;0.1126;0.0311;0.8881
-637145;1239018;0.4395;0.1202;0.0311;0.8790
-582741;1239689;0.3906;0.1953;0.0311;0.7813
-606662;1240286;0.4170;0.1623;0.0311;0.8340
-644346;1240535;0.4514;0.1102;0.0311;0.9028
-600391;1240700;0.4151;0.1709;0.0311;0.8302
-616647;1241675;0.4169;0.1485;0.0311;0.8338
-568407;1242031;0.3820;0.2151;0.0311;0.7640
-586527;1242235;0.3974;0.1901;0.0312;0.7948
-626960;1242337;0.4316;0.1342;0.0312;0.8631
-566309;1243011;0.3805;0.2180;0.0312;0.7610
-522795;1245047;0.3584;0.2781;0.0312;0.7169
-650900;1245065;0.4585;0.1012;0.0312;0.9170
-639549;1245263;0.4403;0.1169;0.0312;0.8805
-516584;1245350;0.3584;0.2867;0.0312;0.7168
-517708;1246002;0.3538;0.2851;0.0312;0.7075
-643631;1247356;0.4417;0.1112;0.0313;0.8835
-541448;1248309;0.3643;0.2523;0.0313;0.7285
-624367;1251068;0.4304;0.1378;0.0314;0.8608
-616886;1251988;0.4270;0.1482;0.0314;0.8540
-617193;1252136;0.4237;0.1477;0.0314;0.8475
-617282;1252744;0.4240;0.1476;0.0314;0.8479
-643929;1253045;0.4447;0.1108;0.0314;0.8894
-650343;1253881;0.4513;0.1020;0.0314;0.9027
-603054;1254558;0.4139;0.1673;0.0315;0.8277
-652830;1254579;0.4536;0.0985;0.0315;0.9072
-598962;1254654;0.4014;0.1729;0.0315;0.8028
-579177;1254667;0.3886;0.2002;0.0315;0.7773
-528625;1255792;0.3605;0.2700;0.0315;0.7209
-562726;1256686;0.3744;0.2229;0.0315;0.7488
-644266;1258349;0.4475;0.1104;0.0316;0.8951
-608433;1259112;0.4142;0.1598;0.0316;0.8284
-506151;1259125;0.3497;0.3011;0.0316;0.6995
-647407;1259285;0.4495;0.1060;0.0316;0.8990
-602855;1259415;0.4093;0.1675;0.0316;0.8186
-647651;1260925;0.4444;0.1057;0.0316;0.8887
-534610;1263285;0.3575;0.2618;0.0317;0.7150
-617983;1263995;0.4230;0.1466;0.0317;0.8459
-551302;1264613;0.3684;0.2387;0.0317;0.7368
-571286;1266600;0.3861;0.2111;0.0318;0.7723
-544278;1266795;0.3673;0.2484;0.0318;0.7345
-619251;1267242;0.4209;0.1449;0.0318;0.8419
-623785;1267650;0.4262;0.1386;0.0318;0.8523
-653192;1267694;0.4573;0.0980;0.0318;0.9146
-652940;1268213;0.4498;0.0984;0.0318;0.8996
-642758;1268701;0.4402;0.1124;0.0318;0.8804
-588836;1270024;0.3959;0.1869;0.0319;0.7918
-582675;1270602;0.3903;0.1954;0.0319;0.7805
-640331;1271235;0.4372;0.1158;0.0319;0.8744
-654188;1271474;0.4550;0.0967;0.0319;0.9100
-568118;1271784;0.3778;0.2155;0.0319;0.7555
-608099;1272882;0.4120;0.1603;0.0319;0.8241
-550278;1275102;0.3680;0.2401;0.0320;0.7360
-617289;1275360;0.4186;0.1476;0.0320;0.8371
-557118;1278143;0.3727;0.2307;0.0321;0.7454
-624078;1279196;0.4300;0.1382;0.0321;0.8599
-630591;1279557;0.4281;0.1292;0.0321;0.8563
-607647;1280005;0.4089;0.1609;0.0321;0.8177
-534842;1280453;0.3625;0.2615;0.0321;0.7250
-621501;1281289;0.4241;0.1418;0.0321;0.8482
-630854;1281842;0.4272;0.1289;0.0321;0.8544
-635912;1281882;0.4353;0.1219;0.0321;0.8707
-603029;1284051;0.4071;0.1673;0.0322;0.8143
-609398;1286731;0.4159;0.1585;0.0323;0.8318
-638232;1286829;0.4370;0.1187;0.0323;0.8739
-635954;1287562;0.4314;0.1218;0.0323;0.8629
-568600;1288796;0.3774;0.2148;0.0323;0.7548
-600965;1293294;0.4000;0.1701;0.0324;0.7999
-595420;1296409;0.3936;0.1778;0.0325;0.7873
-634339;1296672;0.4298;0.1241;0.0325;0.8596
-651262;1296918;0.4476;0.1007;0.0325;0.8951
-654218;1297321;0.4474;0.0966;0.0325;0.8948
-565911;1297407;0.3754;0.2186;0.0325;0.7507
-654246;1298229;0.4548;0.0966;0.0326;0.9097
-569931;1299234;0.3777;0.2130;0.0326;0.7555
-636255;1299440;0.4330;0.1214;0.0326;0.8661
-562557;1299951;0.3744;0.2232;0.0326;0.7488
-604255;1300090;0.4084;0.1656;0.0326;0.8167
-641419;1300106;0.4384;0.1143;0.0326;0.8767
-539591;1301295;0.3626;0.2549;0.0326;0.7252
-619937;1301377;0.4134;0.1439;0.0326;0.8269
-636972;1301551;0.4352;0.1204;0.0326;0.8705
-634252;1301561;0.4287;0.1242;0.0326;0.8575
-640647;1303886;0.4360;0.1153;0.0327;0.8721
-636926;1304919;0.4330;0.1205;0.0327;0.8660
-645733;1305977;0.4410;0.1083;0.0328;0.8821
-608026;1307158;0.4118;0.1604;0.0328;0.8236
-621576;1308458;0.4210;0.1417;0.0328;0.8419
-655002;1308667;0.4631;0.0955;0.0328;0.9262
-624341;1309384;0.4136;0.1379;0.0328;0.8272
-579662;1310709;0.3872;0.1996;0.0329;0.7745
-650108;1310921;0.4404;0.1023;0.0329;0.8807
-508471;1311640;0.3435;0.2979;0.0329;0.6870
-655964;1312790;0.4527;0.0942;0.0329;0.9055
-525149;1313035;0.3534;0.2748;0.0329;0.7068
-577388;1314050;0.3849;0.2027;0.0330;0.7698
-584840;1315395;0.3858;0.1924;0.0330;0.7717
-642523;1315804;0.4376;0.1128;0.0330;0.8752
-604413;1315902;0.4071;0.1654;0.0330;0.8143
-637355;1316449;0.4326;0.1199;0.0330;0.8653
-564270;1316742;0.3745;0.2208;0.0330;0.7489
-638881;1317641;0.4347;0.1178;0.0330;0.8695
-655529;1318323;0.4507;0.0948;0.0331;0.9014
-634078;1318503;0.4285;0.1244;0.0331;0.8570
-602218;1318838;0.4042;0.1684;0.0331;0.8083
-643011;1319150;0.4374;0.1121;0.0331;0.8748
-589020;1319756;0.3911;0.1866;0.0331;0.7821
-606612;1320283;0.4073;0.1623;0.0331;0.8146
-633098;1320483;0.4284;0.1258;0.0331;0.8569
-652649;1320562;0.4456;0.0988;0.0331;0.8911
-625605;1320937;0.4192;0.1361;0.0331;0.8384
-656088;1321214;0.4520;0.0940;0.0331;0.9041
-608020;1322492;0.4074;0.1604;0.0332;0.8149
-609732;1322802;0.4091;0.1580;0.0332;0.8182
-557097;1324198;0.3653;0.2307;0.0332;0.7307
-519726;1325419;0.3442;0.2823;0.0332;0.6884
-536998;1326106;0.3560;0.2585;0.0333;0.7121
-543210;1327072;0.3590;0.2499;0.0333;0.7180
-572026;1328163;0.3811;0.2101;0.0333;0.7623
-635591;1330533;0.4292;0.1223;0.0334;0.8584
-600412;1331695;0.3975;0.1709;0.0334;0.7951
-603243;1332433;0.4012;0.1670;0.0334;0.8024
-627356;1332539;0.4202;0.1337;0.0334;0.8403
-619836;1332828;0.4100;0.1441;0.0334;0.8200
-557404;1333393;0.3658;0.2303;0.0334;0.7316
-633075;1335651;0.4253;0.1258;0.0335;0.8506
-611135;1336029;0.4051;0.1561;0.0335;0.8102
-563667;1336782;0.3658;0.2216;0.0335;0.7317
-588575;1338602;0.3896;0.1873;0.0336;0.7793
-509540;1339066;0.3370;0.2964;0.0336;0.6740
-537753;1339112;0.3525;0.2574;0.0336;0.7050
-655826;1339250;0.4449;0.0944;0.0336;0.8898
-644750;1339894;0.4346;0.1097;0.0336;0.8692
-649257;1340004;0.4385;0.1035;0.0336;0.8770
-641076;1341035;0.4328;0.1148;0.0336;0.8656
-616004;1343091;0.4094;0.1494;0.0337;0.8188
-616793;1344528;0.4046;0.1483;0.0337;0.8092
-655950;1344560;0.4465;0.0942;0.0337;0.8929
-540886;1344685;0.3552;0.2531;0.0337;0.7104
-656023;1346152;0.4500;0.0941;0.0338;0.9001
-570342;1346432;0.3754;0.2124;0.0338;0.7508
-650028;1348062;0.4399;0.1024;0.0338;0.8799
-637068;1348692;0.4301;0.1203;0.0338;0.8601
-549968;1348726;0.3588;0.2406;0.0338;0.7176
-653892;1349115;0.4449;0.0971;0.0338;0.8898
-627613;1350064;0.4191;0.1333;0.0339;0.8381
-608237;1350808;0.3986;0.1601;0.0339;0.7972
-639920;1351431;0.4287;0.1164;0.0339;0.8574
-620128;1351785;0.4071;0.1437;0.0339;0.8142
-585134;1354532;0.3871;0.1920;0.0340;0.7743
-550886;1354653;0.3650;0.2393;0.0340;0.7301
-612486;1355074;0.4016;0.1542;0.0340;0.8031
-641989;1355340;0.4287;0.1135;0.0340;0.8573
-656937;1357380;0.4530;0.0929;0.0340;0.9060
-543002;1357454;0.3576;0.2502;0.0340;0.7151
-642683;1358002;0.4342;0.1125;0.0341;0.8685
-586109;1358289;0.3863;0.1907;0.0341;0.7725
-655091;1358765;0.4434;0.0954;0.0341;0.8869
-658167;1358900;0.4476;0.0912;0.0341;0.8952
-537713;1358975;0.3525;0.2575;0.0341;0.7050
-524623;1359114;0.3482;0.2756;0.0341;0.6963
-512449;1360141;0.3440;0.2924;0.0341;0.6879
-574018;1362039;0.3755;0.2074;0.0342;0.7510
-538705;1362476;0.3520;0.2561;0.0342;0.7039
-583392;1363483;0.3733;0.1944;0.0342;0.7466
-621987;1363667;0.4135;0.1411;0.0342;0.8269
-601704;1365370;0.3896;0.1691;0.0342;0.7792
-601843;1365604;0.3936;0.1689;0.0342;0.7873
-584677;1366054;0.3812;0.1926;0.0343;0.7625
-633397;1366622;0.4252;0.1254;0.0343;0.8503
-554431;1366798;0.3570;0.2344;0.0343;0.7140
-643312;1367591;0.4299;0.1117;0.0343;0.8598
-651096;1370430;0.4415;0.1009;0.0344;0.8831
-562453;1370685;0.3657;0.2233;0.0344;0.7314
-544511;1373021;0.3522;0.2481;0.0344;0.7044
-655530;1373675;0.4448;0.0948;0.0345;0.8895
-526570;1375053;0.3473;0.2729;0.0345;0.6946
-655606;1375128;0.4398;0.0947;0.0345;0.8795
-616604;1377288;0.4033;0.1485;0.0345;0.8067
-637191;1377414;0.4267;0.1201;0.0345;0.8535
-613172;1377816;0.3996;0.1533;0.0346;0.7992
-648601;1378608;0.4385;0.1044;0.0346;0.8769
-586716;1378723;0.3804;0.1898;0.0346;0.7608
-561050;1378880;0.3564;0.2253;0.0346;0.7128
-637933;1379816;0.4203;0.1191;0.0346;0.8406
-647053;1379858;0.4348;0.1065;0.0346;0.8696
-519971;1380977;0.3403;0.2820;0.0346;0.6807
-597466;1381930;0.3859;0.1750;0.0347;0.7718
-630666;1382475;0.4141;0.1291;0.0347;0.8281
-620010;1383646;0.4010;0.1438;0.0347;0.8021
-644896;1383773;0.4230;0.1095;0.0347;0.8461
-650703;1383903;0.4330;0.1015;0.0347;0.8660
-521987;1384298;0.3373;0.2792;0.0347;0.6745
-638024;1384915;0.4224;0.1190;0.0347;0.8449
-583485;1385280;0.3729;0.1943;0.0347;0.7457
-623802;1388131;0.4115;0.1386;0.0348;0.8230
-546052;1388174;0.3561;0.2460;0.0348;0.7123
-540121;1388739;0.3467;0.2542;0.0348;0.6933
-613457;1389139;0.4004;0.1529;0.0348;0.8009
-540681;1389630;0.3514;0.2534;0.0349;0.7028
-638538;1392046;0.4153;0.1183;0.0349;0.8306
-597808;1392506;0.3821;0.1745;0.0349;0.7641
-625112;1392646;0.4127;0.1368;0.0349;0.8254
-605477;1392694;0.3899;0.1639;0.0349;0.7798
-533487;1392891;0.3312;0.2633;0.0349;0.6625
-651947;1396876;0.4364;0.0997;0.0350;0.8729
-622140;1398611;0.4111;0.1409;0.0351;0.8222
-590299;1400019;0.3762;0.1849;0.0351;0.7524
-646639;1400246;0.4269;0.1071;0.0351;0.8538
-620174;1400702;0.4022;0.1436;0.0351;0.8044
-625806;1400844;0.4098;0.1358;0.0351;0.8196
-593628;1401026;0.3780;0.1803;0.0351;0.7559
-578216;1401060;0.3701;0.2016;0.0351;0.7402
-656744;1403337;0.4461;0.0931;0.0352;0.8922
-540851;1405436;0.3452;0.2532;0.0352;0.6903
-654429;1407285;0.4390;0.0963;0.0353;0.8779
-541274;1407786;0.3429;0.2526;0.0353;0.6858
-607498;1407958;0.3980;0.1611;0.0353;0.7960
-653211;1409965;0.4339;0.0980;0.0354;0.8677
-610133;1410081;0.3933;0.1575;0.0354;0.7866
-659440;1410262;0.4501;0.0894;0.0354;0.9003
-545521;1410405;0.3555;0.2467;0.0354;0.7109
-656719;1410530;0.4459;0.0932;0.0354;0.8918
-614970;1410667;0.3966;0.1508;0.0354;0.7932
-570754;1411593;0.3678;0.2119;0.0354;0.7356
-552428;1412448;0.3553;0.2372;0.0354;0.7106
-617562;1414348;0.3934;0.1472;0.0355;0.7867
-653246;1414709;0.4274;0.0980;0.0355;0.8549
-654351;1415019;0.4316;0.0964;0.0355;0.8633
-611993;1415726;0.3929;0.1549;0.0355;0.7858
-584395;1416743;0.3751;0.1930;0.0355;0.7502
-620098;1416942;0.3996;0.1437;0.0355;0.7992
-655855;1416972;0.4372;0.0943;0.0355;0.8745
-627720;1417675;0.4096;0.1332;0.0356;0.8192
-494538;1417948;0.3232;0.3171;0.0356;0.6463
-609572;1417985;0.3917;0.1583;0.0356;0.7834
-629632;1419341;0.4095;0.1306;0.0356;0.8191
-660868;1420586;0.4450;0.0874;0.0356;0.8901
-595152;1420978;0.3781;0.1782;0.0356;0.7562
-572037;1421208;0.3698;0.2101;0.0356;0.7397
-639384;1421255;0.4174;0.1171;0.0356;0.8348
-541577;1422445;0.3462;0.2522;0.0357;0.6924
-567079;1422686;0.3576;0.2169;0.0357;0.7152
-602363;1422926;0.3895;0.1682;0.0357;0.7790
-567699;1424171;0.3612;0.2161;0.0357;0.7223
-566620;1425241;0.3541;0.2176;0.0357;0.7081
-619387;1426763;0.3971;0.1447;0.0358;0.7941
-583444;1427424;0.3683;0.1943;0.0358;0.7366
-624177;1428277;0.4054;0.1381;0.0358;0.8108
-648348;1428876;0.4220;0.1047;0.0358;0.8440
-641590;1428876;0.4218;0.1140;0.0358;0.8436
-658023;1429490;0.4377;0.0914;0.0359;0.8754
-540245;1430142;0.3253;0.2540;0.0359;0.6506
-604736;1430892;0.3866;0.1649;0.0359;0.7732
-637931;1431596;0.4136;0.1191;0.0359;0.8272
-642605;1432349;0.4201;0.1126;0.0359;0.8402
-544490;1433560;0.3392;0.2481;0.0360;0.6785
-642605;1433998;0.4200;0.1126;0.0360;0.8400
-576802;1434062;0.3653;0.2035;0.0360;0.7307
-657310;1435565;0.4335;0.0923;0.0360;0.8671
-626657;1435568;0.4034;0.1347;0.0360;0.8068
-605488;1437732;0.3844;0.1639;0.0361;0.7689
-660962;1438977;0.4417;0.0873;0.0361;0.8835
-590207;1439738;0.3730;0.1850;0.0361;0.7460
-627624;1440071;0.4093;0.1333;0.0361;0.8187
-642394;1440933;0.4198;0.1129;0.0361;0.8395
-608538;1441523;0.3917;0.1597;0.0362;0.7833
-577215;1442283;0.3585;0.2029;0.0362;0.7170
-512098;1442422;0.3248;0.2929;0.0362;0.6496
-595496;1442900;0.3775;0.1777;0.0362;0.7550
-661217;1443838;0.4450;0.0869;0.0362;0.8900
-550644;1444978;0.3519;0.2396;0.0362;0.7037
-545940;1446337;0.3483;0.2461;0.0363;0.6965
-633903;1446355;0.4100;0.1247;0.0363;0.8201
-631472;1448417;0.4007;0.1280;0.0363;0.8015
-659524;1448562;0.4414;0.0893;0.0363;0.8827
-548032;1450511;0.3403;0.2432;0.0364;0.6806
-641828;1451164;0.4193;0.1137;0.0364;0.8385
-655661;1451613;0.4323;0.0946;0.0364;0.8647
-638257;1452178;0.4099;0.1186;0.0364;0.8198
-658653;1458004;0.4408;0.0905;0.0366;0.8816
-600472;1459641;0.3780;0.1708;0.0366;0.7560
-643198;1459868;0.4143;0.1118;0.0366;0.8286
-552333;1461034;0.3474;0.2373;0.0366;0.6949
-657664;1462198;0.4348;0.0919;0.0367;0.8695
-595225;1463158;0.3770;0.1781;0.0367;0.7539
-662316;1463442;0.4452;0.0854;0.0367;0.8905
-556634;1465021;0.3336;0.2314;0.0367;0.6673
-602290;1465047;0.3774;0.1683;0.0367;0.7547
-500227;1466214;0.3231;0.3093;0.0368;0.6462
-567903;1466351;0.3505;0.2158;0.0368;0.7009
-644725;1467413;0.4195;0.1097;0.0368;0.8391
-568464;1468616;0.3536;0.2150;0.0368;0.7072
-659874;1469269;0.4382;0.0888;0.0368;0.8763
-569062;1469461;0.3564;0.2142;0.0369;0.7127
-607642;1470736;0.3876;0.1609;0.0369;0.7753
-551248;1470812;0.3336;0.2388;0.0369;0.6673
-662245;1472837;0.4424;0.0855;0.0369;0.8849
-632244;1473357;0.4065;0.1270;0.0370;0.8130
-645925;1473769;0.4207;0.1081;0.0370;0.8414
-583973;1474075;0.3584;0.1936;0.0370;0.7167
-654679;1474232;0.4300;0.0960;0.0370;0.8600
-647861;1474382;0.4199;0.1054;0.0370;0.8398
-602901;1474385;0.3804;0.1675;0.0370;0.7609
-659372;1475414;0.4349;0.0895;0.0370;0.8698
-573594;1475481;0.3578;0.2079;0.0370;0.7156
-595861;1476243;0.3752;0.1772;0.0370;0.7504
-612069;1478058;0.3910;0.1548;0.0371;0.7819
-659532;1478701;0.4349;0.0893;0.0371;0.8699
-573800;1479554;0.3537;0.2077;0.0371;0.7074
-566192;1479996;0.3443;0.2182;0.0371;0.6885
-624377;1481304;0.3938;0.1378;0.0372;0.7877
-654654;1481655;0.4297;0.0960;0.0372;0.8594
-585591;1481656;0.3718;0.1914;0.0372;0.7436
-540245;1483325;0.3197;0.2540;0.0372;0.6394
-651288;1484614;0.4248;0.1007;0.0372;0.8495
-651942;1484752;0.4224;0.0998;0.0372;0.8449
-611112;1484790;0.3835;0.1561;0.0372;0.7669
-561797;1485013;0.3439;0.2242;0.0372;0.6877
-638391;1485509;0.4093;0.1185;0.0373;0.8186
-639701;1486742;0.4126;0.1167;0.0373;0.8251
-628316;1488163;0.3979;0.1324;0.0373;0.7957
-619281;1489007;0.3888;0.1449;0.0373;0.7775
-566692;1490569;0.3436;0.2175;0.0374;0.6872
-637446;1490988;0.4034;0.1198;0.0374;0.8068
-657581;1491136;0.4307;0.0920;0.0374;0.8615
-548779;1493213;0.3253;0.2422;0.0374;0.6507
-604725;1493234;0.3810;0.1650;0.0374;0.7620
-586114;1495664;0.3675;0.1907;0.0375;0.7351
-592709;1496011;0.3719;0.1815;0.0375;0.7438
-619635;1496832;0.3857;0.1444;0.0375;0.7714
-638495;1496869;0.4048;0.1183;0.0375;0.8095
-571858;1497809;0.3422;0.2103;0.0376;0.6845
-660181;1497873;0.4402;0.0884;0.0376;0.8803
-659544;1498273;0.4294;0.0893;0.0376;0.8587
-613328;1499185;0.3855;0.1531;0.0376;0.7710
-647772;1499277;0.4198;0.1055;0.0376;0.8396
-561548;1500605;0.3344;0.2246;0.0376;0.6688
-592437;1500707;0.3712;0.1819;0.0376;0.7424
-547003;1501029;0.3251;0.2447;0.0376;0.6503
-552006;1501672;0.3330;0.2378;0.0377;0.6660
-598634;1502821;0.3688;0.1734;0.0377;0.7376
-575380;1503315;0.3453;0.2055;0.0377;0.6906
-652057;1503559;0.4238;0.0996;0.0377;0.8476
-643319;1504539;0.4085;0.1117;0.0377;0.8170
-662632;1506376;0.4434;0.0850;0.0378;0.8867
-655736;1506479;0.4214;0.0945;0.0378;0.8428
-656698;1506489;0.4183;0.0932;0.0378;0.8366
-624530;1507348;0.3928;0.1376;0.0378;0.7855
-660226;1511514;0.4400;0.0883;0.0379;0.8800
-663380;1511601;0.4341;0.0840;0.0379;0.8682
-661412;1514776;0.4295;0.0867;0.0380;0.8590
-572412;1515292;0.3448;0.2096;0.0380;0.6896
-575661;1515811;0.3489;0.2051;0.0380;0.6979
-661679;1516036;0.4312;0.0863;0.0380;0.8623
-551631;1516929;0.3267;0.2383;0.0380;0.6535
-567371;1517240;0.3356;0.2165;0.0381;0.6712
-585847;1517471;0.3589;0.1910;0.0381;0.7178
-581353;1518702;0.3560;0.1972;0.0381;0.7121
-625043;1519537;0.3924;0.1369;0.0381;0.7848
-587947;1520289;0.3626;0.1881;0.0381;0.7253
-662230;1521598;0.4295;0.0855;0.0382;0.8590
-628517;1521601;0.3960;0.1321;0.0382;0.7920
-646479;1521976;0.4178;0.1073;0.0382;0.8356
-650506;1522853;0.4183;0.1017;0.0382;0.8365
-652118;1523727;0.4164;0.0995;0.0382;0.8327
-604909;1525148;0.3801;0.1647;0.0382;0.7602
-555537;1525497;0.3251;0.2329;0.0383;0.6502
-664625;1526035;0.4371;0.0822;0.0383;0.8742
-657200;1527287;0.4215;0.0925;0.0383;0.8430
-660762;1527346;0.4249;0.0876;0.0383;0.8498
-601433;1532039;0.3746;0.1695;0.0384;0.7493
-521888;1534274;0.3147;0.2793;0.0385;0.6295
-578616;1537369;0.3422;0.2010;0.0386;0.6845
-647225;1537502;0.4128;0.1063;0.0386;0.8256
-638878;1537554;0.4028;0.1178;0.0386;0.8055
-633551;1537554;0.3988;0.1251;0.0386;0.7976
-589190;1537718;0.3653;0.1864;0.0386;0.7306
-589231;1537792;0.3597;0.1863;0.0386;0.7193
-647741;1540054;0.4093;0.1056;0.0386;0.8186
-568306;1540165;0.3338;0.2152;0.0386;0.6676
-608668;1540794;0.3820;0.1595;0.0386;0.7639
-605826;1541905;0.3795;0.1634;0.0387;0.7590
-620203;1542962;0.3921;0.1436;0.0387;0.7843
-609088;1545090;0.3799;0.1589;0.0388;0.7598
-661503;1546630;0.4278;0.0866;0.0388;0.8557
-558389;1546637;0.3265;0.2289;0.0388;0.6530
-558390;1547705;0.3264;0.2289;0.0388;0.6528
-633975;1549034;0.3924;0.1246;0.0388;0.7848
-527259;1549317;0.3194;0.2719;0.0389;0.6387
-663729;1549458;0.4341;0.0835;0.0389;0.8682
-580067;1550233;0.3555;0.1990;0.0389;0.7109
-533416;1550590;0.3119;0.2634;0.0389;0.6237
-619621;1551034;0.3824;0.1444;0.0389;0.7649
-647584;1552335;0.4078;0.1058;0.0389;0.8156
-635827;1553314;0.4021;0.1220;0.0390;0.8041
-639361;1553316;0.4075;0.1171;0.0390;0.8151
-664188;1553861;0.4314;0.0828;0.0390;0.8629
-545231;1554377;0.3219;0.2471;0.0390;0.6438
-551358;1554750;0.3157;0.2386;0.0390;0.6315
-574129;1556801;0.3355;0.2072;0.0390;0.6711
-664643;1558368;0.4342;0.0822;0.0391;0.8684
-620219;1558437;0.3821;0.1436;0.0391;0.7643
-611578;1558536;0.3800;0.1555;0.0391;0.7600
-648689;1559758;0.4153;0.1042;0.0391;0.8307
-613121;1560169;0.3775;0.1534;0.0391;0.7549
-565147;1560466;0.3312;0.2196;0.0391;0.6625
-587661;1561402;0.3503;0.1885;0.0392;0.7006
-653456;1561687;0.4182;0.0977;0.0392;0.8364
-592715;1562050;0.3577;0.1815;0.0392;0.7153
-625337;1563567;0.3870;0.1365;0.0392;0.7740
-635570;1563660;0.4002;0.1224;0.0392;0.8004
-653518;1564461;0.4120;0.0976;0.0392;0.8241
-657309;1565579;0.4166;0.0923;0.0393;0.8332
-615846;1566618;0.3796;0.1496;0.0393;0.7593
-612424;1567447;0.3771;0.1543;0.0393;0.7542
-664752;1567643;0.4345;0.0821;0.0393;0.8690
-557259;1568062;0.3246;0.2305;0.0393;0.6491
-577658;1568778;0.3397;0.2023;0.0393;0.6793
-572310;1570029;0.3317;0.2097;0.0394;0.6635
-579437;1570169;0.3448;0.1999;0.0394;0.6897
-605436;1571243;0.3769;0.1640;0.0394;0.7537
-665239;1571772;0.4344;0.0814;0.0394;0.8687
-564511;1572801;0.3277;0.2205;0.0394;0.6553
-581064;1573777;0.3371;0.1976;0.0395;0.6743
-545683;1575248;0.3135;0.2465;0.0395;0.6269
-634907;1577281;0.3995;0.1233;0.0396;0.7990
-594869;1577359;0.3556;0.1786;0.0396;0.7113
-648951;1578397;0.4048;0.1039;0.0396;0.8096
-639455;1579729;0.4037;0.1170;0.0396;0.8074
-587848;1579938;0.3492;0.1883;0.0396;0.6984
-631193;1579987;0.3923;0.1284;0.0396;0.7846
-662664;1580528;0.4259;0.0849;0.0396;0.8518
-570739;1580807;0.3311;0.2119;0.0396;0.6622
-640433;1580994;0.4045;0.1156;0.0397;0.8091
-647157;1581100;0.4041;0.1064;0.0397;0.8083
-640819;1582002;0.4039;0.1151;0.0397;0.8078
-619203;1582784;0.3791;0.1450;0.0397;0.7582
-639145;1583086;0.3999;0.1174;0.0397;0.7997
-633093;1583519;0.3915;0.1258;0.0397;0.7830
-639352;1583961;0.4020;0.1171;0.0397;0.8039
-552328;1584876;0.3129;0.2373;0.0397;0.6257
-559376;1586875;0.3213;0.2276;0.0398;0.6425
-595833;1588161;0.3568;0.1772;0.0398;0.7136
-639917;1589217;0.3969;0.1164;0.0399;0.7939
-659917;1589353;0.4248;0.0887;0.0399;0.8497
-571905;1589948;0.3252;0.2103;0.0399;0.6504
-602780;1590312;0.3633;0.1676;0.0399;0.7266
-580887;1590940;0.3345;0.1979;0.0399;0.6690
-598357;1592036;0.3602;0.1737;0.0399;0.7204
-608353;1594825;0.3653;0.1599;0.0400;0.7305
-663446;1598076;0.4284;0.0839;0.0401;0.8569
-554000;1601641;0.3187;0.2350;0.0402;0.6374
-547152;1602875;0.3081;0.2445;0.0402;0.6162
-535561;1602904;0.2994;0.2605;0.0402;0.5988
-620259;1604264;0.3863;0.1435;0.0402;0.7725
-571906;1605682;0.3255;0.2103;0.0403;0.6510
-664923;1605999;0.4312;0.0818;0.0403;0.8623
-638004;1607751;0.3936;0.1190;0.0403;0.7873
-666607;1609209;0.4313;0.0795;0.0404;0.8625
-564017;1609261;0.3244;0.2212;0.0404;0.6488
-617144;1609796;0.3771;0.1478;0.0404;0.7542
-586673;1609918;0.3433;0.1899;0.0404;0.6866
-586843;1611069;0.3376;0.1896;0.0404;0.6752
-625749;1611110;0.3835;0.1359;0.0404;0.7670
-608745;1611520;0.3613;0.1594;0.0404;0.7226
-650640;1611680;0.4064;0.1016;0.0404;0.8128
-597077;1613118;0.3547;0.1755;0.0405;0.7093
-530463;1616621;0.2911;0.2675;0.0405;0.5822
-631863;1617173;0.3873;0.1275;0.0406;0.7745
-626775;1617173;0.3830;0.1345;0.0406;0.7661
-591436;1619721;0.3535;0.1833;0.0406;0.7069
-664404;1620397;0.4283;0.0825;0.0406;0.8567
-623925;1621127;0.3792;0.1384;0.0407;0.7583
-660141;1621716;0.4202;0.0884;0.0407;0.8403
-659626;1622552;0.4172;0.0891;0.0407;0.8345
-628925;1623244;0.3859;0.1315;0.0407;0.7718
-609845;1623404;0.3748;0.1579;0.0407;0.7497
-666808;1624591;0.4328;0.0792;0.0407;0.8657
-558052;1626206;0.3208;0.2294;0.0408;0.6417
-587991;1627357;0.3445;0.1881;0.0408;0.6890
-547608;1627687;0.3050;0.2438;0.0408;0.6100
-598413;1628257;0.3548;0.1737;0.0408;0.7096
-594187;1628468;0.3520;0.1795;0.0408;0.7040
-596384;1631554;0.3508;0.1765;0.0409;0.7015
-576577;1632183;0.3270;0.2038;0.0409;0.6540
-647193;1632468;0.3957;0.1063;0.0409;0.7914
-667187;1633566;0.4282;0.0787;0.0410;0.8564
-617806;1633585;0.3752;0.1469;0.0410;0.7505
-631046;1634953;0.3792;0.1286;0.0410;0.7584
-564854;1636977;0.3205;0.2200;0.0411;0.6410
-611494;1637269;0.3699;0.1556;0.0411;0.7399
-559376;1637373;0.3133;0.2276;0.0411;0.6266
-598890;1638479;0.3411;0.1730;0.0411;0.6823
-621821;1638528;0.3748;0.1413;0.0411;0.7496
-578795;1639519;0.3307;0.2008;0.0411;0.6615
-554193;1639623;0.3112;0.2347;0.0411;0.6224
-594484;1640158;0.3399;0.1791;0.0411;0.6799
-558136;1640185;0.3057;0.2293;0.0411;0.6114
-585421;1641310;0.3248;0.1916;0.0412;0.6497
-562755;1641426;0.3124;0.2229;0.0412;0.6248
-663697;1641781;0.4211;0.0835;0.0412;0.8422
-654893;1645960;0.4159;0.0957;0.0413;0.8319
-533416;1648361;0.2992;0.2634;0.0413;0.5983
-634811;1648619;0.3915;0.1234;0.0413;0.7830
-641013;1649177;0.3928;0.1148;0.0414;0.7857
-630683;1649229;0.3792;0.1291;0.0414;0.7583
-654354;1650515;0.4067;0.0964;0.0414;0.8133
-609540;1650604;0.3662;0.1583;0.0414;0.7324
-564529;1651297;0.3182;0.2205;0.0414;0.6364
-537221;1652027;0.2903;0.2582;0.0414;0.5805
-609817;1652146;0.3625;0.1579;0.0414;0.7251
-569053;1652738;0.3241;0.2142;0.0414;0.6482
-587822;1653951;0.3340;0.1883;0.0415;0.6679
-591404;1654034;0.3362;0.1833;0.0415;0.6725
-612451;1655854;0.3653;0.1543;0.0415;0.7306
-559086;1656067;0.3057;0.2280;0.0415;0.6115
-619806;1656548;0.3685;0.1441;0.0415;0.7369
-667765;1656963;0.4298;0.0779;0.0416;0.8597
-605167;1657956;0.3568;0.1643;0.0416;0.7135
-570894;1658326;0.3135;0.2117;0.0416;0.6270
-598890;1658366;0.3411;0.1730;0.0416;0.6822
-648003;1659161;0.4040;0.1052;0.0416;0.8080
-662983;1659523;0.4176;0.0845;0.0416;0.8351
-637441;1660006;0.3792;0.1198;0.0416;0.7583
-602615;1660255;0.3560;0.1679;0.0416;0.7120
-573024;1660528;0.3179;0.2087;0.0416;0.6359
-664157;1660682;0.4261;0.0829;0.0416;0.8521
-624531;1661741;0.3744;0.1376;0.0417;0.7487
-660525;1662124;0.4136;0.0879;0.0417;0.8273
-620752;1662885;0.3660;0.1428;0.0417;0.7319
-650374;1665085;0.4032;0.1019;0.0418;0.8063
-538730;1665311;0.2831;0.2561;0.0418;0.5662
-566134;1666140;0.3123;0.2182;0.0418;0.6245
-592736;1667063;0.3341;0.1815;0.0418;0.6683
-607155;1669463;0.3596;0.1616;0.0419;0.7192
-637804;1670360;0.3793;0.1193;0.0419;0.7586
-571527;1670681;0.3175;0.2108;0.0419;0.6350
-549268;1671018;0.2964;0.2415;0.0419;0.5929
-664596;1671327;0.4267;0.0823;0.0419;0.8533
-668045;1672044;0.4258;0.0775;0.0419;0.8515
-640971;1675495;0.3912;0.1149;0.0420;0.7824
-610031;1677283;0.3522;0.1576;0.0421;0.7044
-663706;1678174;0.4189;0.0835;0.0421;0.8378
-647771;1679614;0.3999;0.1055;0.0421;0.7999
-664660;1682718;0.4207;0.0822;0.0422;0.8415
-572378;1682897;0.3169;0.2096;0.0422;0.6337
-658810;1684118;0.4101;0.0903;0.0422;0.8202
-627510;1684539;0.3659;0.1335;0.0422;0.7317
-641455;1684625;0.3861;0.1142;0.0422;0.7723
-619059;1685127;0.3602;0.1452;0.0423;0.7205
-665996;1685994;0.4244;0.0803;0.0423;0.8489
-669180;1686124;0.4214;0.0759;0.0423;0.8428
-648027;1686167;0.4015;0.1052;0.0423;0.8030
-551756;1687004;0.3016;0.2381;0.0423;0.6031
-600713;1687479;0.3245;0.1705;0.0423;0.6491
-647771;1690376;0.3929;0.1055;0.0424;0.7859
-559231;1690529;0.3083;0.2278;0.0424;0.6166
-644562;1692014;0.3793;0.1099;0.0424;0.7586
-651191;1694800;0.3991;0.1008;0.0425;0.7982
-621538;1695192;0.3644;0.1417;0.0425;0.7287
-593955;1696133;0.3188;0.1798;0.0425;0.6375
-611796;1702005;0.3422;0.1552;0.0427;0.6845
-631049;1702940;0.3743;0.1286;0.0427;0.7486
-624348;1702996;0.3657;0.1379;0.0427;0.7315
-526328;1704167;0.2824;0.2732;0.0427;0.5648
-668623;1705300;0.4214;0.0767;0.0428;0.8427
-652706;1705433;0.3959;0.0987;0.0428;0.7918
-632687;1705901;0.3758;0.1263;0.0428;0.7515
-571217;1706655;0.3134;0.2112;0.0428;0.6268
-614750;1707581;0.3559;0.1511;0.0428;0.7118
-552514;1709016;0.2997;0.2370;0.0429;0.5995
-564955;1709047;0.3088;0.2199;0.0429;0.6176
-539245;1709435;0.2840;0.2554;0.0429;0.5680
-601338;1710362;0.3338;0.1696;0.0429;0.6676
-562739;1710392;0.3074;0.2229;0.0429;0.6147
-573024;1711026;0.3099;0.2087;0.0429;0.6198
-607903;1711534;0.3415;0.1606;0.0429;0.6829
-626767;1711847;0.3629;0.1345;0.0429;0.7258
-553873;1711866;0.3006;0.2352;0.0429;0.6012
-660885;1712693;0.4070;0.0874;0.0430;0.8139
-663546;1712792;0.4188;0.0837;0.0430;0.8377
-656834;1714784;0.4049;0.0930;0.0430;0.8098
-661347;1715287;0.4139;0.0868;0.0430;0.8279
-653003;1716373;0.3982;0.0983;0.0430;0.7963
-556026;1716676;0.2962;0.2322;0.0431;0.5925
-661617;1717647;0.4137;0.0864;0.0431;0.8275
-669183;1718854;0.4217;0.0759;0.0431;0.8433
-559086;1719412;0.3046;0.2280;0.0431;0.6093
-527005;1720004;0.2810;0.2723;0.0431;0.5620
-666963;1720025;0.4161;0.0790;0.0431;0.8321
-611822;1720670;0.3479;0.1552;0.0432;0.6958
-593533;1720916;0.3114;0.1804;0.0432;0.6227
-653739;1721033;0.3958;0.0973;0.0432;0.7917
-665701;1721045;0.4149;0.0808;0.0432;0.8297
-661713;1721081;0.4122;0.0863;0.0432;0.8243
-625486;1721397;0.3605;0.1363;0.0432;0.7210
-656864;1722883;0.4068;0.0930;0.0432;0.8137
-670035;1723504;0.4197;0.0748;0.0432;0.8394
-601709;1724113;0.3388;0.1691;0.0432;0.6776
-618455;1724755;0.3519;0.1460;0.0433;0.7038
-550737;1728820;0.2888;0.2395;0.0434;0.5776
-657669;1729187;0.3981;0.0918;0.0434;0.7962
-649851;1729365;0.3891;0.1026;0.0434;0.7782
-608889;1730832;0.3376;0.1592;0.0434;0.6752
-567022;1731834;0.3097;0.2170;0.0434;0.6194
-627997;1732017;0.3615;0.1328;0.0434;0.7231
-663043;1732415;0.4134;0.0844;0.0434;0.8268
-650528;1732476;0.3888;0.1017;0.0434;0.7776
-646853;1733389;0.3856;0.1068;0.0435;0.7711
-668849;1734142;0.4151;0.0764;0.0435;0.8301
-644614;1735196;0.3850;0.1099;0.0435;0.7701
-564252;1737493;0.3016;0.2208;0.0436;0.6032
-652528;1737545;0.3892;0.0989;0.0436;0.7785
-604182;1737861;0.3294;0.1657;0.0436;0.6588
-646050;1739109;0.3822;0.1079;0.0436;0.7645
-667130;1739478;0.4149;0.0788;0.0436;0.8297
-621862;1739805;0.3576;0.1413;0.0436;0.7151
-668302;1740399;0.4124;0.0772;0.0436;0.8249
-617306;1740575;0.3503;0.1476;0.0437;0.7007
-579691;1742800;0.3082;0.1995;0.0437;0.6164
-652681;1744853;0.3853;0.0987;0.0438;0.7707
-577230;1745082;0.2984;0.2029;0.0438;0.5967
-615369;1746170;0.3360;0.1503;0.0438;0.6721
-633067;1746203;0.3640;0.1258;0.0438;0.7281
-634189;1746389;0.3698;0.1243;0.0438;0.7395
-634320;1749147;0.3673;0.1241;0.0439;0.7346
-641430;1750390;0.3788;0.1143;0.0439;0.7577
-654976;1750707;0.3919;0.0956;0.0439;0.7837
-600291;1752708;0.3107;0.1711;0.0440;0.6214
-663096;1753922;0.4117;0.0844;0.0440;0.8234
-636257;1755806;0.3761;0.1214;0.0440;0.7523
-670570;1756757;0.4214;0.0740;0.0441;0.8428
-661715;1759017;0.4071;0.0863;0.0441;0.8142
-645724;1761136;0.3797;0.1083;0.0442;0.7593
-559202;1764316;0.2907;0.2278;0.0442;0.5814
-664828;1765669;0.3996;0.0820;0.0443;0.7992
-558327;1766668;0.2827;0.2290;0.0443;0.5654
-583952;1767066;0.3082;0.1936;0.0443;0.6164
-590769;1767858;0.3064;0.1842;0.0443;0.6127
-670673;1769561;0.4188;0.0739;0.0444;0.8375
-658526;1770271;0.3861;0.0907;0.0444;0.7721
-637896;1770335;0.3774;0.1191;0.0444;0.7549
-648581;1773064;0.3723;0.1044;0.0445;0.7446
-659075;1773555;0.3964;0.0899;0.0445;0.7927
-634026;1774206;0.3615;0.1245;0.0445;0.7231
-607049;1774362;0.3095;0.1617;0.0445;0.6190
-624158;1776540;0.3543;0.1381;0.0446;0.7085
-658729;1778367;0.3963;0.0904;0.0446;0.7927
-579782;1778866;0.3028;0.1994;0.0446;0.6056
-669303;1779050;0.4126;0.0758;0.0446;0.8253
-619120;1780067;0.3459;0.1451;0.0446;0.6917
-631138;1780083;0.3604;0.1285;0.0446;0.7208
-665290;1780211;0.3996;0.0813;0.0446;0.7992
-668091;1780493;0.4119;0.0775;0.0447;0.8238
-639288;1780997;0.3684;0.1172;0.0447;0.7367
-619957;1782437;0.3447;0.1439;0.0447;0.6893
-624209;1783186;0.3542;0.1380;0.0447;0.7085
-578531;1783196;0.2915;0.2011;0.0447;0.5831
-641078;1784553;0.3674;0.1148;0.0448;0.7348
-619096;1784966;0.3240;0.1451;0.0448;0.6479
-621428;1787333;0.3527;0.1419;0.0448;0.7054
-673563;1789376;0.4115;0.0699;0.0449;0.8230
-661845;1789643;0.3937;0.0861;0.0449;0.7874
-522518;1789898;0.2674;0.2785;0.0449;0.5347
-631167;1790176;0.3511;0.1284;0.0449;0.7021
-633545;1790568;0.3544;0.1252;0.0449;0.7087
-671863;1791093;0.4074;0.0722;0.0449;0.8148
-673690;1792346;0.4116;0.0697;0.0450;0.8232
-620531;1795704;0.3497;0.1431;0.0450;0.6994
-562049;1801929;0.2897;0.2239;0.0452;0.5793
-637732;1803203;0.3495;0.1194;0.0452;0.6989
-659179;1805200;0.3875;0.0898;0.0453;0.7751
-641908;1807060;0.3660;0.1136;0.0453;0.7321
-619518;1807487;0.3240;0.1445;0.0453;0.6479
-654529;1808934;0.3852;0.0962;0.0454;0.7705
-568017;1808977;0.2914;0.2156;0.0454;0.5827
-552761;1809309;0.2822;0.2367;0.0454;0.5645
-640107;1812530;0.3621;0.1161;0.0455;0.7243
-552246;1813141;0.2743;0.2374;0.0455;0.5486
-562621;1814000;0.2829;0.2231;0.0455;0.5659
-656842;1814658;0.3744;0.0930;0.0455;0.7487
-643516;1815576;0.3654;0.1114;0.0455;0.7309
-607471;1816428;0.3107;0.1612;0.0456;0.6214
-631927;1817494;0.3492;0.1274;0.0456;0.6984
-669657;1817940;0.4041;0.0753;0.0456;0.8081
-530299;1818351;0.2665;0.2677;0.0456;0.5330
-664763;1819062;0.3937;0.0820;0.0456;0.7874
-659601;1823833;0.3923;0.0892;0.0457;0.7845
-587841;1824880;0.3035;0.1883;0.0458;0.6070
-613091;1825136;0.3159;0.1534;0.0458;0.6318
-596866;1825836;0.3059;0.1758;0.0458;0.6118
-653309;1826150;0.3721;0.0979;0.0458;0.7443
-622222;1826255;0.3354;0.1408;0.0458;0.6708
-625878;1826351;0.3457;0.1357;0.0458;0.6914
-670225;1826453;0.3998;0.0745;0.0458;0.7996
-641353;1828480;0.3613;0.1144;0.0459;0.7227
-672083;1833956;0.4041;0.0719;0.0460;0.8082
-530976;1834188;0.2649;0.2668;0.0460;0.5298
-524218;1834188;0.2633;0.2761;0.0460;0.5266
-664446;1834764;0.3919;0.0825;0.0460;0.7838
-579923;1834971;0.2979;0.1992;0.0460;0.5959
-627702;1835602;0.3431;0.1332;0.0460;0.6862
-608772;1836698;0.3036;0.1594;0.0461;0.6073
-553764;1837032;0.2776;0.2353;0.0461;0.5551
-675631;1837422;0.4079;0.0670;0.0461;0.8158
-565960;1838016;0.2893;0.2185;0.0461;0.5786
-593439;1839365;0.2973;0.1805;0.0461;0.5947
-647205;1840986;0.3625;0.1063;0.0462;0.7250
-636931;1842624;0.3380;0.1205;0.0462;0.6760
-660587;1845665;0.3874;0.0878;0.0463;0.7748
-569542;1849265;0.2885;0.2135;0.0464;0.5770
-660975;1850518;0.3870;0.0873;0.0464;0.7740
-611328;1853945;0.3136;0.1558;0.0465;0.6272
-637169;1854404;0.3483;0.1202;0.0465;0.6966
-644694;1856002;0.3540;0.1098;0.0465;0.7080
-647619;1857896;0.3602;0.1057;0.0466;0.7203
-582693;1859125;0.2958;0.1954;0.0466;0.5917
-549974;1859505;0.2672;0.2406;0.0466;0.5344
-627745;1860770;0.3176;0.1332;0.0467;0.6351
-570478;1864566;0.2912;0.2122;0.0468;0.5823
-671449;1864842;0.4038;0.0728;0.0468;0.8077
-649949;1866503;0.3619;0.1025;0.0468;0.7238
-565055;1866743;0.2802;0.2197;0.0468;0.5603
-574775;1866824;0.2911;0.2063;0.0468;0.5823
-651114;1869746;0.3667;0.1009;0.0469;0.7334
-575935;1870283;0.2892;0.2047;0.0469;0.5784
-672623;1872939;0.4048;0.0712;0.0470;0.8095
-638374;1873067;0.3497;0.1185;0.0470;0.6995
-653001;1874079;0.3624;0.0983;0.0470;0.7248
-578122;1874780;0.2889;0.2017;0.0470;0.5777
-665203;1875705;0.3956;0.0814;0.0470;0.7911
-559607;1876078;0.2763;0.2273;0.0471;0.5526
-645800;1876370;0.3488;0.1082;0.0471;0.6976
-565320;1876691;0.2880;0.2194;0.0471;0.5760
-660265;1878017;0.3733;0.0883;0.0471;0.7466
-555032;1879203;0.2720;0.2336;0.0471;0.5440
-573851;1879736;0.2852;0.2076;0.0471;0.5703
-669329;1880231;0.3974;0.0757;0.0472;0.7949
-667015;1880486;0.3971;0.0789;0.0472;0.7942
-561804;1880899;0.2783;0.2242;0.0472;0.5566
-666971;1884790;0.3930;0.0790;0.0473;0.7861
-659759;1884856;0.3625;0.0890;0.0473;0.7250
-673042;1885809;0.3970;0.0706;0.0473;0.7939
-532974;1887128;0.2622;0.2640;0.0473;0.5244
-616731;1889388;0.3115;0.1484;0.0474;0.6229
-566323;1890385;0.2843;0.2180;0.0474;0.5687
-600837;1892588;0.2988;0.1703;0.0475;0.5975
-640767;1893836;0.3457;0.1152;0.0475;0.6914
-662154;1895602;0.3813;0.0857;0.0475;0.7627
-579100;1895695;0.2922;0.2003;0.0475;0.5844
-662754;1896734;0.3792;0.0848;0.0476;0.7584
-567567;1900158;0.2815;0.2163;0.0477;0.5631
-652043;1900412;0.3569;0.0996;0.0477;0.7138
-646754;1900412;0.3522;0.1069;0.0477;0.7044
-533247;1904082;0.2503;0.2637;0.0478;0.5005
-630814;1905010;0.3333;0.1289;0.0478;0.6666
-630031;1905718;0.3308;0.1300;0.0478;0.6616
-582693;1907117;0.2885;0.1954;0.0478;0.5770
-640535;1907646;0.3419;0.1155;0.0478;0.6838
-617853;1909132;0.3163;0.1468;0.0479;0.6325
-646814;1910497;0.3472;0.1068;0.0479;0.6943
-673786;1912405;0.4019;0.0696;0.0480;0.8039
-618086;1912883;0.3134;0.1465;0.0480;0.6269
-668226;1914231;0.3951;0.0773;0.0480;0.7901
-676153;1915016;0.4092;0.0663;0.0480;0.8185
-580609;1915143;0.2849;0.1983;0.0480;0.5699
-555775;1916549;0.2749;0.2325;0.0481;0.5497
-574775;1917322;0.2811;0.2063;0.0481;0.5622
-590769;1919742;0.2814;0.1842;0.0481;0.5627
-663192;1920715;0.3882;0.0842;0.0482;0.7764
-666659;1921085;0.3767;0.0794;0.0482;0.7535
-566855;1923165;0.2795;0.2172;0.0482;0.5590
-641023;1924605;0.3386;0.1148;0.0483;0.6773
-676145;1925304;0.4081;0.0663;0.0483;0.8161
-660881;1926131;0.3599;0.0874;0.0483;0.7199
-631616;1928488;0.3164;0.1278;0.0484;0.6329
-676510;1930124;0.4003;0.0658;0.0484;0.8006
-563720;1930545;0.2779;0.2216;0.0484;0.5557
-650731;1931007;0.3566;0.1014;0.0484;0.7132
-647720;1931761;0.3515;0.1056;0.0484;0.7031
-574325;1931950;0.2808;0.2069;0.0485;0.5615
-674703;1933596;0.3964;0.0683;0.0485;0.7928
-661106;1936588;0.3706;0.0871;0.0486;0.7412
-667393;1936738;0.3768;0.0784;0.0486;0.7535
-675113;1937744;0.3960;0.0678;0.0486;0.7920
-539732;1939150;0.2536;0.2547;0.0486;0.5073
-600837;1939247;0.2922;0.1703;0.0486;0.5845
-584135;1941175;0.2761;0.1934;0.0487;0.5521
-601068;1942155;0.3009;0.1700;0.0487;0.6019
-648283;1944406;0.3418;0.1048;0.0488;0.6837
-652569;1949345;0.3524;0.0989;0.0489;0.7049
-597527;1951534;0.2806;0.1749;0.0489;0.5612
-669496;1951995;0.3824;0.0755;0.0490;0.7647
-623653;1952141;0.3137;0.1388;0.0490;0.6275
-649262;1952638;0.3403;0.1035;0.0490;0.6806
-643973;1952638;0.3347;0.1108;0.0490;0.6693
-563720;1953847;0.2695;0.2216;0.0490;0.5390
-677356;1954233;0.4015;0.0647;0.0490;0.8030
-674281;1955538;0.3949;0.0689;0.0490;0.7898
-675036;1956871;0.3824;0.0679;0.0491;0.7648
-617610;1963164;0.2962;0.1472;0.0492;0.5924
-633438;1963224;0.3320;0.1253;0.0492;0.6641
-587177;1963706;0.2761;0.1892;0.0492;0.5521
-562419;1963777;0.2684;0.2234;0.0493;0.5367
-559507;1965673;0.2663;0.2274;0.0493;0.5326
-661368;1966283;0.3718;0.0867;0.0493;0.7435
-574044;1968358;0.2699;0.2073;0.0494;0.5398
-599699;1971625;0.2890;0.1719;0.0494;0.5779
-575335;1971644;0.2741;0.2055;0.0494;0.5481
-617610;1971916;0.2953;0.1472;0.0495;0.5907
-677117;1972836;0.3973;0.0650;0.0495;0.7945
-644786;1974201;0.3395;0.1096;0.0495;0.6790
-655149;1976674;0.3530;0.0953;0.0496;0.7059
-558046;1977044;0.2638;0.2294;0.0496;0.5275
-654491;1977326;0.3505;0.0962;0.0496;0.7009
-677847;1977920;0.3938;0.0640;0.0496;0.7875
-624338;1978622;0.3154;0.1379;0.0496;0.6308
-550977;1981108;0.2587;0.2392;0.0497;0.5175
-610660;1981757;0.2890;0.1568;0.0497;0.5780
-663309;1986003;0.3676;0.0841;0.0498;0.7353
-678981;1987230;0.3935;0.0624;0.0498;0.7870
-593935;1987691;0.2759;0.1799;0.0499;0.5518
-651171;1989444;0.3491;0.1008;0.0499;0.6983
-677475;1989466;0.3894;0.0645;0.0499;0.7787
-607451;1990638;0.2847;0.1612;0.0499;0.5694
-626935;1991801;0.3136;0.1343;0.0500;0.6272
-582820;1994285;0.2733;0.1952;0.0500;0.5466
-662941;1994387;0.3582;0.0846;0.0500;0.7163
-618032;1994437;0.2959;0.1466;0.0500;0.5918
-666730;2000258;0.3718;0.0793;0.0502;0.7437
-559911;2002235;0.2653;0.2268;0.0502;0.5305
-663764;2007612;0.3561;0.0834;0.0503;0.7122
-676408;2007907;0.3822;0.0660;0.0504;0.7644
-674413;2008367;0.3810;0.0687;0.0504;0.7620
-645910;2009036;0.3395;0.1081;0.0504;0.6791
-643783;2009370;0.3262;0.1110;0.0504;0.6524
-594318;2010913;0.2647;0.1793;0.0504;0.5294
-668812;2012362;0.3732;0.0765;0.0505;0.7463
-577377;2014131;0.2557;0.2027;0.0505;0.5114
-676130;2014913;0.3764;0.0664;0.0505;0.7527
-622054;2019932;0.3127;0.1410;0.0507;0.6254
-679548;2020672;0.3856;0.0616;0.0507;0.7712
-654767;2020908;0.3510;0.0959;0.0507;0.7020
-650731;2021320;0.3354;0.1014;0.0507;0.6707
-594740;2022207;0.2647;0.1787;0.0507;0.5294
-664271;2022572;0.3669;0.0827;0.0507;0.7338
-620355;2023190;0.3098;0.1434;0.0507;0.6196
-634520;2023794;0.3243;0.1238;0.0508;0.6485
-667263;2026877;0.3591;0.0786;0.0508;0.7182
-648316;2034067;0.3325;0.1048;0.0510;0.6651
-563861;2035760;0.2502;0.2214;0.0511;0.5004
-651544;2042882;0.3395;0.1003;0.0512;0.6791
-667504;2043144;0.3681;0.0783;0.0512;0.7362
-658410;2045617;0.3441;0.0908;0.0513;0.6881
-622312;2045688;0.3087;0.1407;0.0513;0.6174
-643547;2045933;0.3228;0.1113;0.0513;0.6456
-679748;2046673;0.3876;0.0614;0.0513;0.7752
-633465;2046956;0.3197;0.1253;0.0513;0.6394
-639972;2047036;0.3198;0.1163;0.0513;0.6396
-669447;2047763;0.3754;0.0756;0.0514;0.7507
-622161;2049444;0.3057;0.1409;0.0514;0.6114
-577377;2049538;0.2529;0.2027;0.0514;0.5059
-670223;2050308;0.3667;0.0745;0.0514;0.7334
-546490;2051694;0.2477;0.2454;0.0515;0.4953
-634527;2051696;0.3034;0.1238;0.0515;0.6068
-666085;2051936;0.3527;0.0802;0.0515;0.7053
-617801;2053841;0.2785;0.1469;0.0515;0.5569
-653191;2054250;0.3319;0.0980;0.0515;0.6638
-649167;2059324;0.3279;0.1036;0.0516;0.6557
-588622;2059886;0.2585;0.1872;0.0517;0.5170
-659713;2061969;0.3366;0.0890;0.0517;0.6733
-601498;2062555;0.2631;0.1694;0.0517;0.5262
-677062;2063621;0.3852;0.0651;0.0518;0.7704
-661223;2065196;0.3419;0.0869;0.0518;0.6837
-619642;2066514;0.2894;0.1444;0.0518;0.5789
-674712;2068473;0.3725;0.0683;0.0519;0.7451
-678132;2068528;0.3765;0.0636;0.0519;0.7530
-607834;2075441;0.2629;0.1607;0.0521;0.5258
-673941;2075933;0.3724;0.0694;0.0521;0.7449
-638729;2076325;0.3197;0.1180;0.0521;0.6395
-584135;2081329;0.2520;0.1934;0.0522;0.5041
-671169;2083821;0.3714;0.0732;0.0523;0.7428
-546763;2084374;0.2473;0.2450;0.0523;0.4945
-665777;2086987;0.3435;0.0806;0.0523;0.6871
-677575;2088252;0.3724;0.0644;0.0524;0.7447
-681096;2088291;0.3869;0.0595;0.0524;0.7739
-646459;2089543;0.3162;0.1073;0.0524;0.6324
-671388;2089592;0.3706;0.0729;0.0524;0.7413
-667880;2090521;0.3581;0.0777;0.0524;0.7162
-613123;2091000;0.2710;0.1534;0.0524;0.5421
-625108;2091358;0.3015;0.1368;0.0525;0.6029
-678911;2091390;0.3849;0.0625;0.0525;0.7697
-595380;2091677;0.2579;0.1779;0.0525;0.5158
-657425;2091933;0.3345;0.0922;0.0525;0.6689
-669432;2092291;0.3647;0.0756;0.0525;0.7294
-623622;2098568;0.2949;0.1389;0.0526;0.5899
-671796;2101861;0.3633;0.0723;0.0527;0.7266
-608256;2103950;0.2629;0.1601;0.0528;0.5258
-640710;2104451;0.3146;0.1153;0.0528;0.6291
-631604;2106181;0.3011;0.1278;0.0528;0.6021
-649719;2107773;0.3272;0.1028;0.0529;0.6543
-680629;2111657;0.3801;0.0601;0.0530;0.7603
-647516;2111714;0.3228;0.1059;0.0530;0.6456
-602138;2113780;0.2576;0.1685;0.0530;0.5152
-674887;2116625;0.3720;0.0681;0.0531;0.7440
-620943;2117646;0.2812;0.1426;0.0531;0.5625
-641225;2118190;0.3150;0.1146;0.0531;0.6300
-681376;2122662;0.3897;0.0591;0.0532;0.7795
-682171;2122885;0.3764;0.0580;0.0532;0.7529
-676523;2123048;0.3713;0.0658;0.0532;0.7426
-673175;2123504;0.3678;0.0704;0.0533;0.7356
-590893;2124851;0.2481;0.1841;0.0533;0.4961
-553521;2126016;0.2466;0.2357;0.0533;0.4931
-631294;2126261;0.2976;0.1283;0.0533;0.5952
-641917;2130185;0.3125;0.1136;0.0534;0.6250
-672070;2134272;0.3678;0.0720;0.0535;0.7356
-669998;2134398;0.3510;0.0748;0.0535;0.7021
-656110;2135164;0.3269;0.0940;0.0535;0.6538
-627701;2135685;0.2799;0.1332;0.0536;0.5597
-615014;2135741;0.2623;0.1507;0.0536;0.5246
-596545;2137865;0.2553;0.1762;0.0536;0.5107
-597651;2138624;0.2472;0.1747;0.0536;0.4945
-651956;2141019;0.3239;0.0997;0.0537;0.6478
-659997;2141927;0.3416;0.0886;0.0537;0.6833
-640281;2149995;0.3070;0.1159;0.0539;0.6140
-618885;2150197;0.2753;0.1454;0.0539;0.5505
-663069;2152074;0.3325;0.0844;0.0540;0.6650
-604409;2152675;0.2580;0.1654;0.0540;0.5160
-638052;2158053;0.2971;0.1189;0.0541;0.5942
-666680;2158190;0.3354;0.0794;0.0541;0.6707
-682403;2162511;0.3783;0.0577;0.0542;0.7565
-652287;2164056;0.3206;0.0993;0.0543;0.6411
-672049;2165576;0.3574;0.0720;0.0543;0.7149
-654741;2171636;0.3141;0.0959;0.0545;0.6282
-616386;2171814;0.2623;0.1489;0.0545;0.5246
-644810;2179707;0.2959;0.1096;0.0547;0.5919
-678204;2184544;0.3687;0.0635;0.0548;0.7375
-670853;2185806;0.3509;0.0736;0.0548;0.7017
-663388;2189641;0.3289;0.0839;0.0549;0.6577
-649780;2190155;0.3080;0.1027;0.0549;0.6160
-681097;2193001;0.3708;0.0595;0.0550;0.7416
-604409;2199559;0.2450;0.1654;0.0552;0.4899
-677586;2200767;0.3660;0.0643;0.0552;0.7319
-658086;2205615;0.3223;0.0913;0.0553;0.6447
-667751;2206309;0.3495;0.0779;0.0553;0.6990
-684241;2215513;0.3723;0.0552;0.0556;0.7447
-666883;2216810;0.3428;0.0791;0.0556;0.6857
-672041;2216938;0.3458;0.0720;0.0556;0.6917
-681681;2219639;0.3709;0.0587;0.0557;0.7419
-674764;2222610;0.3583;0.0682;0.0557;0.7166
-611167;2227158;0.2451;0.1561;0.0559;0.4903
-672457;2227894;0.3581;0.0714;0.0559;0.7161
-658666;2232486;0.3169;0.0905;0.0560;0.6339
-672235;2236136;0.3557;0.0717;0.0561;0.7113
-684215;2236973;0.3696;0.0552;0.0561;0.7391
-675241;2236978;0.3523;0.0676;0.0561;0.7046
-684186;2237306;0.3695;0.0552;0.0561;0.7389
-677998;2241277;0.3631;0.0638;0.0562;0.7261
-632705;2244316;0.2742;0.1263;0.0563;0.5484
-667532;2250087;0.3368;0.0782;0.0564;0.6735
-672638;2257306;0.3483;0.0712;0.0566;0.6965
-617925;2258950;0.2445;0.1467;0.0567;0.4889
-677197;2259044;0.3610;0.0649;0.0567;0.7221
-684699;2260784;0.3709;0.0545;0.0567;0.7417
-683742;2262052;0.3662;0.0558;0.0567;0.7325
-678971;2263955;0.3654;0.0624;0.0568;0.7308
-668004;2264271;0.3371;0.0776;0.0568;0.6742
-623214;2268521;0.2534;0.1394;0.0569;0.5069
-659203;2273483;0.3163;0.0897;0.0570;0.6326
-661499;2273737;0.3141;0.0866;0.0570;0.6283
-672564;2274874;0.3468;0.0713;0.0571;0.6936
-683843;2277575;0.3628;0.0557;0.0571;0.7257
-648075;2278260;0.3066;0.1051;0.0571;0.6133
-624683;2280604;0.2433;0.1374;0.0572;0.4867
-654032;2291318;0.3074;0.0969;0.0575;0.6148
-682117;2295248;0.3611;0.0581;0.0576;0.7223
-677818;2296221;0.3472;0.0640;0.0576;0.6943
-671808;2311439;0.3366;0.0723;0.0580;0.6732
-636770;2311857;0.2862;0.1207;0.0580;0.5723
-676990;2322020;0.3401;0.0652;0.0582;0.6802
-666102;2323380;0.3326;0.0802;0.0583;0.6653
-682076;2325114;0.3563;0.0581;0.0583;0.7126
-684762;2327763;0.3792;0.0544;0.0584;0.7584
-638273;2328926;0.2903;0.1186;0.0584;0.5807
-684710;2329457;0.3750;0.0545;0.0584;0.7500
-679152;2331358;0.3523;0.0622;0.0585;0.7047
-681455;2343631;0.3561;0.0590;0.0588;0.7122
-659837;2346488;0.3125;0.0889;0.0588;0.6251
-677643;2348122;0.3456;0.0643;0.0589;0.6912
-667601;2348515;0.3315;0.0781;0.0589;0.6631
-683638;2359026;0.3562;0.0560;0.0592;0.7123
-646537;2362349;0.3051;0.1072;0.0592;0.6103
-635880;2363526;0.2860;0.1219;0.0593;0.5720
-679263;2368114;0.3493;0.0620;0.0594;0.6986
-684975;2374374;0.3662;0.0541;0.0595;0.7325
-684408;2376218;0.3598;0.0549;0.0596;0.7197
-686056;2376277;0.3664;0.0526;0.0596;0.7328
-684991;2380446;0.3562;0.0541;0.0597;0.7124
-630749;2380474;0.2487;0.1290;0.0597;0.4975
-672743;2382922;0.3348;0.0710;0.0598;0.6696
-666412;2386898;0.3295;0.0798;0.0599;0.6591
-680641;2388687;0.3402;0.0601;0.0599;0.6804
-646492;2390293;0.3013;0.1073;0.0599;0.6027
-664196;2393339;0.3259;0.0828;0.0600;0.6518
-636948;2397627;0.2854;0.1205;0.0601;0.5709
-666713;2399781;0.3253;0.0794;0.0602;0.6505
-641635;2402375;0.2932;0.1140;0.0603;0.5864
-674203;2403920;0.3286;0.0690;0.0603;0.6571
-685068;2413087;0.3587;0.0540;0.0605;0.7174
-685648;2422130;0.3648;0.0532;0.0607;0.7296
-648531;2423024;0.2955;0.1045;0.0608;0.5910
-642457;2424258;0.2931;0.1129;0.0608;0.5861
-670005;2439839;0.3246;0.0748;0.0612;0.6492
-685792;2441142;0.3563;0.0530;0.0612;0.7126
-686112;2443675;0.3738;0.0526;0.0613;0.7476
-638348;2450236;0.2855;0.1185;0.0615;0.5710
-651249;2460309;0.3010;0.1007;0.0617;0.6019
-638382;2476134;0.2899;0.1185;0.0621;0.5797
-681039;2481029;0.3456;0.0596;0.0622;0.6911
-686333;2487571;0.3648;0.0523;0.0624;0.7296
-684563;2490011;0.3546;0.0547;0.0624;0.7093
-675406;2490039;0.3391;0.0674;0.0624;0.6783
-682822;2491216;0.3462;0.0571;0.0625;0.6924
-652949;2492271;0.3047;0.0984;0.0625;0.6093
-666309;2495015;0.3140;0.0799;0.0626;0.6281
-645140;2497789;0.2890;0.1091;0.0626;0.5780
-653040;2503249;0.2959;0.0982;0.0628;0.5917
-635426;2504617;0.2777;0.1226;0.0628;0.5553
-650040;2506783;0.2883;0.1024;0.0629;0.5766
-688290;2509707;0.3615;0.0496;0.0629;0.7231
-631389;2511142;0.2671;0.1281;0.0630;0.5342
-650760;2511179;0.2956;0.1014;0.0630;0.5912
-670482;2511674;0.3258;0.0742;0.0630;0.6515
-654743;2513010;0.3039;0.0959;0.0630;0.6077
-652623;2516261;0.2690;0.0988;0.0631;0.5380
-655289;2525125;0.2955;0.0951;0.0633;0.5910
-677610;2525637;0.3356;0.0643;0.0633;0.6713
-684495;2529918;0.3512;0.0548;0.0634;0.7024
-674753;2538218;0.3347;0.0683;0.0637;0.6694
-687939;2541882;0.3357;0.0500;0.0637;0.6713
-640684;2546623;0.2689;0.1153;0.0639;0.5379
-656163;2550463;0.2843;0.0939;0.0640;0.5687
-667224;2557411;0.3166;0.0787;0.0641;0.6332
-657646;2561704;0.3052;0.0919;0.0642;0.6104
-659205;2566225;0.3103;0.0897;0.0644;0.6206
-689021;2574632;0.3521;0.0486;0.0646;0.7041
-676877;2577123;0.3295;0.0653;0.0646;0.6591
-631793;2578887;0.2657;0.1276;0.0647;0.5314
-667387;2581521;0.3215;0.0784;0.0647;0.6430
-681667;2593211;0.3354;0.0587;0.0650;0.6708
-659583;2595159;0.3115;0.0892;0.0651;0.6229
-641784;2598408;0.2560;0.1138;0.0652;0.5121
-659422;2614373;0.3081;0.0894;0.0656;0.6162
-658532;2621676;0.3040;0.0907;0.0658;0.6081
-649554;2626452;0.2571;0.1031;0.0659;0.5141
-660041;2626499;0.3002;0.0886;0.0659;0.6004
-663497;2627455;0.3016;0.0838;0.0659;0.6032
-669294;2630735;0.3064;0.0758;0.0660;0.6128
-631441;2638990;0.2425;0.1281;0.0662;0.4851
-671367;2647408;0.3176;0.0729;0.0664;0.6351
-688740;2647664;0.3496;0.0489;0.0664;0.6992
-661204;2652071;0.2835;0.0870;0.0665;0.5669
-643202;2655081;0.2541;0.1118;0.0666;0.5083
-673982;2659512;0.3167;0.0693;0.0667;0.6333
-662450;2669976;0.2976;0.0852;0.0670;0.5952
-656642;2678499;0.2642;0.0933;0.0672;0.5284
-667410;2680208;0.2859;0.0784;0.0672;0.5718
-638465;2680466;0.2531;0.1184;0.0672;0.5063
-675885;2695746;0.3293;0.0667;0.0676;0.6586
-689042;2696791;0.3464;0.0485;0.0676;0.6929
-677728;2697804;0.3318;0.0641;0.0677;0.6635
-690113;2706266;0.3498;0.0470;0.0679;0.6997
-678351;2706383;0.3322;0.0633;0.0679;0.6644
-690615;2706625;0.3509;0.0464;0.0679;0.7019
-679692;2709537;0.3332;0.0614;0.0680;0.6665
-689865;2711845;0.3322;0.0474;0.0680;0.6644
-689762;2712880;0.3315;0.0475;0.0680;0.6629
-656894;2713978;0.2646;0.0929;0.0681;0.5292
-669718;2714084;0.3122;0.0752;0.0681;0.6245
-675171;2715609;0.3011;0.0677;0.0681;0.6022
-674168;2715614;0.2859;0.0691;0.0681;0.5717
-686570;2717604;0.3265;0.0519;0.0682;0.6531
-642463;2718301;0.2479;0.1128;0.0682;0.4958
-663941;2721523;0.2706;0.0832;0.0683;0.5411
-691736;2722158;0.3409;0.0448;0.0683;0.6819
-679803;2732646;0.3067;0.0613;0.0685;0.6134
-687844;2745008;0.3196;0.0502;0.0688;0.6393
-662848;2745612;0.2669;0.0847;0.0689;0.5338
-681824;2746617;0.3058;0.0585;0.0689;0.6115
-668965;2747041;0.2842;0.0762;0.0689;0.5684
-680926;2748633;0.2859;0.0597;0.0689;0.5718
-686004;2749472;0.3135;0.0527;0.0690;0.6270
-655427;2755451;0.2500;0.0949;0.0691;0.4999
-692186;2757100;0.3401;0.0442;0.0691;0.6802
-681543;2763260;0.2931;0.0589;0.0693;0.5861
-660772;2764286;0.2577;0.0876;0.0693;0.5154
-693661;2764616;0.3325;0.0421;0.0693;0.6650
-630481;2771271;0.2257;0.1294;0.0695;0.4513
-649221;2772551;0.2469;0.1035;0.0695;0.4939
-689411;2772759;0.3205;0.0480;0.0695;0.6409
-643930;2773010;0.2431;0.1108;0.0695;0.4862
-638199;2773296;0.2423;0.1187;0.0696;0.4846
-662185;2773458;0.2494;0.0856;0.0696;0.4987
-685296;2776575;0.3045;0.0537;0.0696;0.6091
-689897;2780202;0.3184;0.0473;0.0697;0.6368
-650688;2788319;0.2426;0.1015;0.0699;0.4853
-691813;2789635;0.3200;0.0447;0.0700;0.6401
-691867;2790492;0.3322;0.0446;0.0700;0.6644
-689609;2791675;0.2798;0.0477;0.0700;0.5597
-695279;2792442;0.3268;0.0399;0.0700;0.6535
-672895;2793743;0.2496;0.0708;0.0701;0.4992
-690670;2800857;0.3173;0.0463;0.0702;0.6345
-660735;2801607;0.2425;0.0876;0.0703;0.4851
-692491;2807820;0.3161;0.0438;0.0704;0.6323
-679653;2816377;0.2496;0.0615;0.0706;0.4992
-657840;2819065;0.2386;0.0916;0.0707;0.4773
-638241;2821588;0.2326;0.1187;0.0708;0.4652
-666941;2823138;0.2462;0.0790;0.0708;0.4923
-694798;2825979;0.3254;0.0406;0.0709;0.6508
-673699;2828690;0.2465;0.0697;0.0709;0.4930
-611417;2833666;0.1609;0.1557;0.0711;0.3218
-697256;2835371;0.3131;0.0372;0.0711;0.6261
-650327;2838045;0.1990;0.1020;0.0712;0.3979
-658744;2843296;0.2259;0.0904;0.0713;0.4519
-630060;2843925;0.1985;0.1300;0.0713;0.3970
-660183;2844763;0.2261;0.0884;0.0713;0.4521
-697965;2844938;0.3099;0.0362;0.0713;0.6198
-655160;2850754;0.2151;0.0953;0.0715;0.4303
-693956;2854734;0.3074;0.0417;0.0716;0.6149
-667493;2857367;0.2429;0.0783;0.0717;0.4859
-685290;2867388;0.2590;0.0537;0.0719;0.5179
-664598;2874824;0.2383;0.0823;0.0721;0.4765
-689880;2876481;0.2716;0.0474;0.0721;0.5432
-690709;2880381;0.3054;0.0462;0.0722;0.6107
-657085;2881895;0.1981;0.0927;0.0723;0.3962
-672576;2886670;0.2295;0.0713;0.0724;0.4590
-673699;2888258;0.2265;0.0697;0.0724;0.4530
-690724;2892705;0.3039;0.0462;0.0725;0.6079
-618169;2893457;0.1602;0.1464;0.0726;0.3203
-694534;2895804;0.3068;0.0409;0.0726;0.6136
-618175;2896052;0.1647;0.1464;0.0726;0.3294
-694354;2896687;0.3055;0.0412;0.0726;0.6110
-678532;2900968;0.2402;0.0630;0.0728;0.4805
-660551;2905545;0.2221;0.0879;0.0729;0.4441
-697688;2908041;0.3004;0.0366;0.0729;0.6008
-626480;2910799;0.1862;0.1349;0.0730;0.3724
-667182;2912471;0.2172;0.0787;0.0730;0.4343
-698687;2917249;0.3077;0.0352;0.0732;0.6155
-650990;2919649;0.1917;0.1011;0.0732;0.3834
-605211;2919922;0.1558;0.1643;0.0732;0.3116
-688167;2922085;0.2678;0.0497;0.0733;0.5356
-665818;2926221;0.2081;0.0806;0.0734;0.4162
-696182;2927944;0.2803;0.0387;0.0734;0.5607
-697151;2930341;0.2984;0.0373;0.0735;0.5968
-677670;2936579;0.2270;0.0642;0.0736;0.4540
-644784;2937451;0.1867;0.1096;0.0737;0.3733
-657419;2937836;0.1976;0.0922;0.0737;0.3952
-700007;2946164;0.3094;0.0334;0.0739;0.6188
-699161;2948722;0.3054;0.0345;0.0740;0.6107
-678319;2952129;0.2292;0.0633;0.0740;0.4584
-624927;2955364;0.1595;0.1371;0.0741;0.3190
-664177;2955842;0.1967;0.0829;0.0741;0.3934
-699062;2960517;0.2971;0.0347;0.0742;0.5941
-688822;2963088;0.2564;0.0488;0.0743;0.5129
-698333;2967662;0.2754;0.0357;0.0744;0.5508
-700644;2970813;0.3008;0.0325;0.0745;0.6016
-682571;2971037;0.2544;0.0575;0.0745;0.5088
-626302;2971118;0.1593;0.1352;0.0745;0.3185
-692695;2972568;0.2696;0.0435;0.0746;0.5392
-689263;2973266;0.2609;0.0482;0.0746;0.5218
-667309;2974226;0.2219;0.0785;0.0746;0.4438
-680454;2977518;0.2404;0.0604;0.0747;0.4808
-685609;2981605;0.2271;0.0533;0.0748;0.4543
-611969;2981829;0.1550;0.1550;0.0748;0.3099
-654682;2983700;0.1925;0.0960;0.0748;0.3850
-702737;2984031;0.2847;0.0296;0.0748;0.5695
-669463;2992041;0.2102;0.0756;0.0750;0.4204
-644784;2996317;0.1579;0.1096;0.0751;0.3158
-693601;2997193;0.2543;0.0422;0.0752;0.5086
-672793;3000411;0.2211;0.0710;0.0752;0.4422
-679445;3004758;0.2270;0.0618;0.0754;0.4540
-663843;3007233;0.1845;0.0833;0.0754;0.3690
-644784;3008455;0.1571;0.1096;0.0755;0.3142
-700742;3011501;0.2746;0.0324;0.0755;0.5493
-695383;3015335;0.2702;0.0398;0.0756;0.5405
-672687;3016782;0.2059;0.0711;0.0757;0.4117
-695041;3019643;0.2588;0.0402;0.0757;0.5176
-666035;3023400;0.1984;0.0803;0.0758;0.3969
-701691;3029906;0.2665;0.0311;0.0760;0.5330
-694371;3032809;0.2451;0.0412;0.0761;0.4902
-663142;3034322;0.1804;0.0843;0.0761;0.3607
-703738;3034628;0.2818;0.0282;0.0761;0.5636
-679258;3035194;0.2246;0.0620;0.0761;0.4492
-680140;3036594;0.2204;0.0608;0.0762;0.4407
-696747;3038522;0.2601;0.0379;0.0762;0.5202
-651542;3043861;0.1566;0.1003;0.0763;0.3132
-685077;3050623;0.2173;0.0540;0.0765;0.4346
-673008;3057511;0.2163;0.0707;0.0767;0.4325
-677244;3057751;0.2158;0.0648;0.0767;0.4317
-672793;3059979;0.1996;0.0710;0.0767;0.3992
-703166;3060135;0.2789;0.0290;0.0767;0.5579
-618120;3060847;0.1530;0.1465;0.0768;0.3060
-702288;3063609;0.2780;0.0302;0.0768;0.5560
-658082;3063835;0.1613;0.0913;0.0768;0.3225
-677359;3066391;0.1973;0.0647;0.0769;0.3947
-687604;3075601;0.2180;0.0505;0.0771;0.4359
-671153;3079889;0.1649;0.0732;0.0772;0.3297
-651876;3080935;0.1557;0.0998;0.0773;0.3115
-698817;3081815;0.2617;0.0350;0.0773;0.5234
-679277;3081921;0.2171;0.0620;0.0773;0.4342
-695980;3083775;0.2556;0.0389;0.0773;0.5111
-691534;3087307;0.2419;0.0451;0.0774;0.4837
-673193;3091980;0.1967;0.0704;0.0775;0.3933
-688018;3092220;0.2408;0.0499;0.0776;0.4816
-705997;3092773;0.2674;0.0251;0.0776;0.5349
-664506;3096956;0.1626;0.0824;0.0777;0.3252
-677359;3101236;0.1841;0.0647;0.0778;0.3682
-702172;3101455;0.2648;0.0304;0.0778;0.5296
-702687;3102572;0.2618;0.0297;0.0778;0.5236
-696058;3105429;0.2467;0.0388;0.0779;0.4934
-681345;3106213;0.2128;0.0592;0.0779;0.4256
-658634;3108258;0.1554;0.0905;0.0780;0.3108
-691871;3116634;0.2411;0.0446;0.0782;0.4822
-685964;3116847;0.2072;0.0528;0.0782;0.4145
-701799;3118137;0.2496;0.0309;0.0782;0.4991
-676624;3118174;0.1806;0.0657;0.0782;0.3613
-691835;3119305;0.2173;0.0447;0.0782;0.4345
-703477;3119312;0.2592;0.0286;0.0782;0.5184
-664729;3121086;0.1645;0.0821;0.0783;0.3289
-697237;3123384;0.2253;0.0372;0.0783;0.4506
-626247;3123532;0.1519;0.1352;0.0783;0.3038
-677606;3124045;0.1961;0.0643;0.0783;0.3922
-645984;3131110;0.1517;0.1080;0.0785;0.3034
-678885;3134035;0.2031;0.0625;0.0786;0.4062
-665058;3135544;0.1563;0.0816;0.0786;0.3126
-706998;3143371;0.2641;0.0237;0.0788;0.5283
-677911;3145659;0.1791;0.0639;0.0789;0.3582
-680938;3146047;0.2027;0.0597;0.0789;0.4055
-678363;3150922;0.1992;0.0633;0.0790;0.3985
-704107;3151419;0.2461;0.0277;0.0790;0.4921
-671267;3154997;0.1637;0.0731;0.0791;0.3273
-652408;3155229;0.1530;0.0991;0.0791;0.3061
-689511;3156342;0.1994;0.0479;0.0792;0.3988
-671598;3164758;0.1597;0.0726;0.0794;0.3195
-694344;3169051;0.2157;0.0412;0.0795;0.4315
-677911;3175678;0.1647;0.0639;0.0796;0.3293
-705550;3178116;0.2488;0.0257;0.0797;0.4976
-633005;3179250;0.1505;0.1259;0.0797;0.3011
-659166;3180979;0.1517;0.0898;0.0798;0.3034
-681432;3184853;0.1889;0.0590;0.0799;0.3779
-697419;3185162;0.2325;0.0370;0.0799;0.4651
-694143;3185711;0.2128;0.0415;0.0799;0.4257
-705623;3190877;0.2619;0.0256;0.0800;0.5238
-633612;3191101;0.1505;0.1251;0.0800;0.3009
-704241;3195154;0.2274;0.0275;0.0801;0.4547
-707939;3197876;0.2501;0.0224;0.0802;0.5002
-709074;3207864;0.2405;0.0209;0.0805;0.4811
-686479;3208648;0.1838;0.0521;0.0805;0.3676
-699195;3215475;0.2225;0.0345;0.0806;0.4449
-665796;3216407;0.1516;0.0806;0.0807;0.3032
-671688;3225213;0.1557;0.0725;0.0809;0.3114
-684117;3225681;0.1700;0.0553;0.0809;0.3401
-688496;3225840;0.1860;0.0493;0.0809;0.3720
-696861;3234792;0.2169;0.0377;0.0811;0.4338
-693507;3239033;0.2103;0.0424;0.0812;0.4205
-652835;3239153;0.1502;0.0985;0.0812;0.3005
-684669;3241448;0.1789;0.0546;0.0813;0.3578
-699580;3244362;0.2245;0.0340;0.0814;0.4490
-699552;3249807;0.2109;0.0340;0.0815;0.4217
-639763;3257259;0.1498;0.1166;0.0817;0.2996
-659593;3261144;0.1498;0.0892;0.0818;0.2996
-684669;3266347;0.1647;0.0546;0.0819;0.3295
-706347;3268290;0.2262;0.0246;0.0820;0.4523
-672150;3269789;0.1538;0.0718;0.0820;0.3075
-666258;3274788;0.1500;0.0800;0.0821;0.3000
-690804;3275414;0.1932;0.0461;0.0821;0.3864
-677443;3279032;0.1616;0.0645;0.0822;0.3231
-678356;3280604;0.1594;0.0633;0.0823;0.3188
-696269;3283507;0.1868;0.0385;0.0823;0.3736
-710063;3284806;0.2231;0.0195;0.0824;0.4462
-684780;3298783;0.1757;0.0544;0.0827;0.3515
-704873;3299345;0.2225;0.0267;0.0827;0.4451
-660426;3300856;0.1481;0.0880;0.0828;0.2961
-684195;3302599;0.1614;0.0552;0.0828;0.3229
-685447;3312237;0.1791;0.0535;0.0831;0.3581
-702330;3322863;0.1949;0.0302;0.0833;0.3899
-684652;3324484;0.1611;0.0546;0.0834;0.3222
-687045;3333591;0.1823;0.0513;0.0836;0.3647
-696548;3336976;0.1790;0.0382;0.0837;0.3580
-678623;3338327;0.1549;0.0629;0.0837;0.3099
-671926;3342258;0.1508;0.0722;0.0838;0.3016
-707336;3345232;0.2073;0.0233;0.0839;0.4146
-678629;3356328;0.1549;0.0629;0.0842;0.3099
-696964;3358149;0.1943;0.0376;0.0842;0.3886
-709222;3358396;0.2220;0.0207;0.0842;0.4440
-688156;3359491;0.1713;0.0497;0.0843;0.3427
-710875;3359751;0.2160;0.0184;0.0843;0.4319
-697284;3359976;0.1841;0.0371;0.0843;0.3682
-693769;3363335;0.1782;0.0420;0.0844;0.3563
-686733;3373024;0.1580;0.0517;0.0846;0.3160
-708148;3373613;0.1995;0.0221;0.0846;0.3991
-697310;3383094;0.1839;0.0371;0.0848;0.3677
-698169;3384116;0.1931;0.0359;0.0849;0.3862
-685259;3386813;0.1550;0.0537;0.0849;0.3100
-708212;3388405;0.2052;0.0221;0.0850;0.4104
-666351;3388837;0.1481;0.0799;0.0850;0.2962
-711185;3396374;0.2062;0.0179;0.0852;0.4124
-667178;3396842;0.1478;0.0787;0.0852;0.2955
-713045;3401114;0.2199;0.0154;0.0853;0.4399
-689731;3404887;0.1745;0.0476;0.0854;0.3490
-672330;3406004;0.1538;0.0716;0.0854;0.3076
-701427;3412646;0.1875;0.0314;0.0856;0.3751
-679158;3413072;0.1485;0.0622;0.0856;0.2971
-679387;3415515;0.1533;0.0619;0.0857;0.3067
-703336;3416985;0.1954;0.0288;0.0857;0.3907
-688881;3417365;0.1598;0.0487;0.0857;0.3196
-705210;3420378;0.1963;0.0262;0.0858;0.3925
-673109;3425877;0.1478;0.0705;0.0859;0.2955
-691755;3426234;0.1629;0.0448;0.0859;0.3257
-682154;3436340;0.1482;0.0580;0.0862;0.2965
-712349;3439642;0.2120;0.0163;0.0863;0.4240
-694762;3440657;0.1759;0.0406;0.0863;0.3519
-697477;3444005;0.1856;0.0369;0.0864;0.3712
-713097;3453002;0.2103;0.0153;0.0866;0.4206
-685259;3453230;0.1500;0.0537;0.0866;0.3000
-700527;3454947;0.1858;0.0327;0.0866;0.3715
-699489;3455296;0.1629;0.0341;0.0867;0.3259
-686145;3462945;0.1531;0.0525;0.0868;0.3063
-687433;3468812;0.1481;0.0507;0.0870;0.2962
-672882;3471683;0.1475;0.0708;0.0871;0.2950
-711382;3479571;0.2071;0.0177;0.0873;0.4142
-693485;3480084;0.1578;0.0424;0.0873;0.3155
-712130;3480840;0.1978;0.0166;0.0873;0.3957
-703503;3481459;0.1944;0.0286;0.0873;0.3888
-707760;3482208;0.1884;0.0227;0.0873;0.3767
-714034;3484307;0.2003;0.0140;0.0874;0.4006
-711773;3485725;0.1955;0.0171;0.0874;0.3910
-704402;3493387;0.1832;0.0273;0.0876;0.3664
-707231;3503432;0.1866;0.0234;0.0879;0.3731
-709622;3505606;0.1951;0.0201;0.0879;0.3902
-678498;3507814;0.1464;0.0631;0.0880;0.2928
-690526;3507816;0.1518;0.0465;0.0880;0.3036
-699707;3513634;0.1589;0.0338;0.0881;0.3177
-712511;3515883;0.1991;0.0161;0.0882;0.3981
-700305;3521541;0.1794;0.0330;0.0883;0.3588
-708075;3523717;0.1870;0.0222;0.0884;0.3739
-679377;3527848;0.1463;0.0619;0.0885;0.2926
-704956;3531161;0.1813;0.0265;0.0886;0.3625
-685900;3535437;0.1471;0.0529;0.0887;0.2941
-693596;3542825;0.1541;0.0422;0.0889;0.3082
-715354;3543718;0.1977;0.0122;0.0889;0.3953
-679697;3552669;0.1465;0.0614;0.0891;0.2930
-686493;3553580;0.1465;0.0520;0.0891;0.2930
-702819;3554793;0.1719;0.0295;0.0892;0.3438
-700370;3560524;0.1490;0.0329;0.0893;0.2980
-707407;3567907;0.1855;0.0232;0.0895;0.3710
-709982;3567997;0.1955;0.0196;0.0895;0.3910
-703302;3570862;0.1800;0.0288;0.0896;0.3599
-707920;3572651;0.1854;0.0225;0.0896;0.3708
-694209;3574298;0.1475;0.0414;0.0896;0.2951
-711559;3580326;0.1954;0.0174;0.0898;0.3908
-701040;3584351;0.1628;0.0320;0.0899;0.3255
-710056;3592427;0.1871;0.0195;0.0901;0.3742
-707321;3594112;0.1844;0.0233;0.0901;0.3687
-694488;3595269;0.1460;0.0410;0.0902;0.2919
-711970;3597161;0.1739;0.0169;0.0902;0.3478
-694488;3601746;0.1458;0.0410;0.0903;0.2917
-716343;3610565;0.1752;0.0108;0.0906;0.3504
-702856;3632977;0.1729;0.0294;0.0911;0.3458
-712243;3648789;0.1699;0.0165;0.0915;0.3397
-703165;3668896;0.1679;0.0290;0.0920;0.3358
-706215;3672226;0.1681;0.0248;0.0921;0.3363
-707324;3678693;0.1523;0.0233;0.0923;0.3045
-713055;3681974;0.1566;0.0154;0.0923;0.3132
-701118;3691791;0.1460;0.0318;0.0926;0.2919
-717091;3693822;0.1729;0.0098;0.0926;0.3457
-692014;3702770;0.1458;0.0444;0.0929;0.2917
-695147;3741623;0.1459;0.0401;0.0938;0.2919
-716895;3764268;0.1699;0.0101;0.0944;0.3398
-698087;3768805;0.1457;0.0360;0.0945;0.2914
-716928;3772866;0.1720;0.0100;0.0946;0.3439
-716638;3802246;0.1695;0.0104;0.0954;0.3391
-704978;3803636;0.1520;0.0265;0.0954;0.3040
-713840;3803781;0.1538;0.0143;0.0954;0.3076
-704717;3810840;0.1459;0.0269;0.0956;0.2918
-712275;3822596;0.1505;0.0164;0.0959;0.3009
-717744;3836002;0.1566;0.0089;0.0962;0.3133
-712888;3855592;0.1531;0.0156;0.0967;0.3062
-705288;3857995;0.1475;0.0261;0.0968;0.2951
-698772;3868365;0.1457;0.0351;0.0970;0.2913
-718379;3877002;0.1729;0.0080;0.0972;0.3457
-712801;3899482;0.1527;0.0157;0.0978;0.3053
-707515;3911086;0.1469;0.0230;0.0981;0.2938
-701700;3914533;0.1456;0.0310;0.0982;0.2912
-705439;3916405;0.1461;0.0259;0.0982;0.2922
-718492;3919260;0.1538;0.0079;0.0983;0.3077
-707634;3936535;0.1475;0.0228;0.0987;0.2950
-715694;3972733;0.1497;0.0117;0.0996;0.2995
-710143;3986373;0.1458;0.0194;0.1000;0.2916
-711054;4017531;0.1480;0.0181;0.1008;0.2960
-712204;4026660;0.1488;0.0165;0.1010;0.2976
-711862;4042001;0.1475;0.0170;0.1014;0.2950
-712061;4046905;0.1484;0.0167;0.1015;0.2967
-716550;4070016;0.1529;0.0105;0.1021;0.3057
-710864;4075517;0.1462;0.0184;0.1022;0.2925
-717664;4078596;0.1504;0.0090;0.1023;0.3009
-710922;4093477;0.1466;0.0183;0.1027;0.2932
-712061;4102116;0.1483;0.0167;0.1029;0.2966
-705858;4102401;0.1457;0.0253;0.1029;0.2914
-704677;4106212;0.1457;0.0269;0.1030;0.2914
-714385;4113336;0.1467;0.0135;0.1032;0.2933
-712616;4143211;0.1456;0.0160;0.1039;0.2913
-718925;4154047;0.1468;0.0073;0.1042;0.2936
-714385;4155486;0.1466;0.0135;0.1042;0.2932
-718748;4169663;0.1468;0.0075;0.1046;0.2936
-701834;4169676;0.1456;0.0309;0.1046;0.2913
-706855;4187033;0.1455;0.0239;0.1050;0.2911
-713621;4219373;0.1463;0.0146;0.1058;0.2927
-712322;4219386;0.1455;0.0164;0.1058;0.2909
-712693;4227108;0.1459;0.0159;0.1060;0.2917
-719095;4237661;0.1472;0.0070;0.1063;0.2943
-713111;4255434;0.1455;0.0153;0.1067;0.2910
-718087;4271450;0.1466;0.0084;0.1071;0.2932
-717372;4364130;0.1456;0.0094;0.1095;0.2913
-718274;4398333;0.1457;0.0082;0.1103;0.2914
-717081;4413386;0.1455;0.0098;0.1107;0.2909
-719172;4423140;0.1472;0.0069;0.1109;0.2943
-717078;4461457;0.1455;0.0098;0.1119;0.2909
-719169;4469059;0.1472;0.0069;0.1121;0.2943
-719652;4481342;0.1546;0.0063;0.1124;0.3091
-719482;4487656;0.1538;0.0065;0.1125;0.3075
-718337;4516351;0.1455;0.0081;0.1133;0.2911
-718443;4521275;0.1457;0.0079;0.1134;0.2914
-717962;4579492;0.1455;0.0086;0.1149;0.2911
-718909;4640673;0.1459;0.0073;0.1164;0.2918
-719121;4653542;0.1472;0.0070;0.1167;0.2943
-718891;4667045;0.1455;0.0073;0.1170;0.2909
-719918;4750146;0.1504;0.0059;0.1191;0.3009
-719166;4768527;0.1472;0.0069;0.1196;0.2943
-720348;4781623;0.1473;0.0053;0.1199;0.2947
-719212;4785057;0.1455;0.0069;0.1200;0.2911
-717874;4940725;0.1455;0.0087;0.1239;0.2909
-712925;4969189;0.1454;0.0155;0.1246;0.2909
-719338;5060513;0.1456;0.0067;0.1269;0.2913
-719451;5218508;0.1455;0.0065;0.1309;0.2909
-717081;5317304;0.1454;0.0098;0.1334;0.2909
-719442;5471782;0.1455;0.0065;0.1372;0.2909
-717329;5529241;0.1454;0.0095;0.1387;0.2909
-715619;5566432;0.1454;0.0118;0.1396;0.2909
-718788;5621309;0.1455;0.0074;0.1410;0.2909
-716485;5651848;0.1454;0.0106;0.1417;0.2909
-715768;5746486;0.1454;0.0116;0.1441;0.2909
-718862;5788436;0.1455;0.0073;0.1452;0.2909
-719723;5820043;0.1454;0.0062;0.1460;0.2909
-720739;5872042;0.1454;0.0048;0.1473;0.2909
-720238;6131430;0.1454;0.0054;0.1538;0.2909
-719399;6138542;0.1454;0.0066;0.1540;0.2909
-718704;6340123;0.1454;0.0076;0.1590;0.2909
-715935;6359570;0.1454;0.0114;0.1595;0.2908
-716070;6375826;0.1454;0.0112;0.1599;0.2909
-720652;6503080;0.1454;0.0049;0.1631;0.2909
-720012;6515123;0.1454;0.0058;0.1634;0.2909
-716852;6545712;0.1454;0.0101;0.1642;0.2908
-720461;6550093;0.1454;0.0051;0.1643;0.2909
-719504;6857241;0.1454;0.0065;0.1720;0.2909
-720192;7118842;0.1454;0.0055;0.1785;0.2909
-720234;7389822;0.1454;0.0055;0.1853;0.2909
