-478760;0;0.4749;0.1592;-0.0000;0.9498
-473954;0;0.4713;0.1676;-0.0000;0.9426
-473117;0;0.4702;0.1691;-0.0000;0.9404
-472340;0;0.4689;0.1704;-0.0000;0.9377
-471660;0;0.4689;0.1716;-0.0000;0.9377
-471291;0;0.4677;0.1723;-0.0000;0.9354
-470791;0;0.4676;0.1732;-0.0000;0.9352
-470203;0;0.4664;0.1742;-0.0000;0.9328
-470026;0;0.4654;0.1745;-0.0000;0.9308
-469009;0;0.4651;0.1763;-0.0000;0.9302
-468308;0;0.4650;0.1775;-0.0000;0.9299
-468110;0;0.4636;0.1779;-0.0000;0.9273
-467573;0;0.4613;0.1788;-0.0000;0.9225
-463900;0;0.4595;0.1853;-0.0000;0.9190
-462115;0;0.4565;0.1884;-0.0000;0.9130
-461580;0;0.4564;0.1893;-0.0000;0.9127
-459464;0;0.4548;0.1931;-0.0000;0.9097
-458945;0;0.4536;0.1940;-0.0000;0.9073
-458538;0;0.4505;0.1947;-0.0000;0.9011
-455370;0;0.4503;0.2003;-0.0000;0.9005
-454794;0;0.4487;0.2013;-0.0000;0.8975
-454584;0;0.4485;0.2016;-0.0000;0.8969
-454368;0;0.4484;0.2020;-0.0000;0.8967
-453971;0;0.4467;0.2027;-0.0000;0.8934
-452606;0;0.4464;0.2051;-0.0000;0.8929
-451989;0;0.4419;0.2062;-0.0000;0.8838
-449048;0;0.4414;0.2114;-0.0000;0.8829
-448080;0;0.4396;0.2131;-0.0000;0.8792
-447875;0;0.4396;0.2134;-0.0000;0.8791
-445895;0;0.4377;0.2169;-0.0000;0.8754
-445310;0;0.4363;0.2179;-0.0000;0.8725
-443669;0;0.4360;0.2208;-0.0000;0.8720
-443167;0;0.4359;0.2217;-0.0000;0.8717
-442388;0;0.4341;0.2231;-0.0000;0.8683
-442320;0;0.4325;0.2232;-0.0000;0.8649
-441022;0;0.4303;0.2255;-0.0000;0.8606
-439537;0;0.4299;0.2281;-0.0000;0.8598
-437719;0;0.4283;0.2313;-0.0000;0.8566
-436836;0;0.4242;0.2328;-0.0000;0.8484
-434659;0;0.4239;0.2366;-0.0000;0.8479
-433741;0;0.4238;0.2382;-0.0000;0.8476
-432873;0;0.4217;0.2398;-0.0000;0.8435
-432685;0;0.4177;0.2401;-0.0000;0.8354
-429829;0;0.4154;0.2451;-0.0000;0.8309
-425872;0;0.4154;0.2521;-0.0000;0.8308
-425832;0;0.4150;0.2521;-0.0000;0.8301
-424077;0;0.4127;0.2552;-0.0000;0.8255
-422793;0;0.4104;0.2575;-0.0000;0.8209
-422003;0;0.4060;0.2589;-0.0000;0.8119
-420322;0;0.4035;0.2618;-0.0000;0.8070
-414217;0;0.4034;0.2725;-0.0000;0.8067
-412728;0;0.3983;0.2751;-0.0000;0.7967
-412483;0;0.3958;0.2756;-0.0000;0.7916
-409409;0;0.3958;0.2810;-0.0000;0.7916
-407602;0;0.3957;0.2841;-0.0000;0.7915
-405947;0;0.3956;0.2871;-0.0000;0.7912
-399731;0;0.3919;0.2980;-0.0000;0.7839
-399273;0;0.3875;0.2988;-0.0000;0.7750
-396358;0;0.3820;0.3039;-0.0000;0.7640
-387860;0;0.3791;0.3188;-0.0000;0.7582
-387582;0;0.3790;0.3193;-0.0000;0.7581
-386075;0;0.3777;0.3220;-0.0000;0.7554
-381596;0;0.3727;0.3298;-0.0000;0.7453
-377477;0;0.3712;0.3371;-0.0000;0.7424
-375945;0;0.3696;0.3397;-0.0000;0.7392
-369613;0;0.3662;0.3509;-0.0000;0.7324
-364208;0;0.3636;0.3604;-0.0000;0.7272
-356668;0;0.3599;0.3736;-0.0000;0.7198
-348853;0;0.3573;0.3873;-0.0000;0.7145
-340177;0;0.3551;0.4026;-0.0000;0.7102
-335383;0;0.3551;0.4110;-0.0000;0.7101
-329961;0;0.3513;0.4205;-0.0000;0.7025
-479100;81888;0.4829;0.1586;0.0025;0.9659
-479269;87106;0.4830;0.1583;0.0027;0.9661
-479526;88479;0.4830;0.1578;0.0027;0.9661
-479534;95706;0.4838;0.1578;0.0030;0.9676
-479649;96545;0.4838;0.1576;0.0030;0.9676
-479233;98273;0.4821;0.1583;0.0030;0.9642
-479804;104475;0.4848;0.1573;0.0032;0.9696
-479235;106828;0.4830;0.1583;0.0033;0.9661
-480145;108339;0.4839;0.1567;0.0033;0.9679
-480243;108339;0.4839;0.1566;0.0033;0.9679
-480895;117787;0.4851;0.1554;0.0036;0.9701
-481649;135463;0.4865;0.1541;0.0042;0.9729
-480013;182026;0.4821;0.1570;0.0056;0.9642
-480254;188889;0.4833;0.1565;0.0058;0.9666
-480163;220401;0.4833;0.1567;0.0068;0.9665
-480371;262576;0.4824;0.1563;0.0081;0.9648
-489230;401466;0.4915;0.1408;0.0124;0.9831
-494913;401857;0.4928;0.1308;0.0124;0.9857
-489373;401857;0.4920;0.1405;0.0124;0.9840
-495833;413590;0.4928;0.1292;0.0128;0.9857
-497346;417567;0.4967;0.1265;0.0129;0.9935
-497038;432978;0.4942;0.1271;0.0133;0.9884
-499255;435079;0.4949;0.1232;0.0134;0.9898
-492045;442155;0.4903;0.1358;0.0136;0.9805
-499841;447761;0.4950;0.1221;0.0138;0.9899
-483020;451172;0.4876;0.1517;0.0139;0.9753
-492510;452081;0.4894;0.1350;0.0139;0.9788
-502293;452413;0.4932;0.1178;0.0139;0.9864
-488817;454138;0.4890;0.1415;0.0140;0.9781
-488651;454541;0.4878;0.1418;0.0140;0.9755
-494368;457900;0.4919;0.1318;0.0141;0.9838
-493328;457941;0.4910;0.1336;0.0141;0.9820
-495193;458332;0.4916;0.1303;0.0141;0.9831
-501334;461051;0.4912;0.1195;0.0142;0.9824
-492910;464342;0.4903;0.1343;0.0143;0.9805
-494598;465500;0.4892;0.1314;0.0144;0.9785
-483451;465595;0.4857;0.1509;0.0144;0.9713
-485006;465634;0.4847;0.1482;0.0144;0.9695
-496070;467888;0.4906;0.1288;0.0144;0.9813
-502988;471219;0.4921;0.1166;0.0145;0.9842
-497892;472001;0.4878;0.1256;0.0146;0.9757
-489398;476554;0.4871;0.1405;0.0147;0.9742
-491153;476873;0.4865;0.1374;0.0147;0.9730
-491759;478535;0.4861;0.1363;0.0148;0.9723
-480727;479246;0.4839;0.1557;0.0148;0.9679
-504755;479430;0.4923;0.1135;0.0148;0.9845
-502773;480640;0.4900;0.1170;0.0148;0.9801
-504771;483260;0.4928;0.1135;0.0149;0.9855
-499067;483973;0.4885;0.1235;0.0149;0.9771
-485452;485280;0.4859;0.1474;0.0150;0.9718
-504319;486511;0.4916;0.1143;0.0150;0.9831
-491552;487872;0.4858;0.1367;0.0150;0.9716
-487567;488491;0.4857;0.1437;0.0151;0.9713
-483407;488811;0.4834;0.1510;0.0151;0.9669
-497676;491628;0.4873;0.1260;0.0152;0.9747
-499846;493156;0.4895;0.1221;0.0152;0.9790
-497394;493511;0.4863;0.1264;0.0152;0.9727
-501356;493515;0.4896;0.1195;0.0152;0.9791
-490209;493610;0.4856;0.1391;0.0152;0.9713
-491058;495408;0.4858;0.1376;0.0153;0.9716
-506975;496527;0.4913;0.1096;0.0153;0.9827
-499196;497204;0.4878;0.1233;0.0153;0.9757
-488809;497758;0.4831;0.1415;0.0153;0.9662
-489876;497849;0.4832;0.1397;0.0153;0.9665
-483118;497849;0.4829;0.1515;0.0153;0.9658
-486833;498465;0.4812;0.1450;0.0154;0.9624
-498310;498550;0.4861;0.1248;0.0154;0.9722
-492161;502820;0.4851;0.1356;0.0155;0.9701
-506134;504182;0.4906;0.1111;0.0155;0.9812
-508544;504444;0.4906;0.1069;0.0156;0.9812
-491052;505190;0.4833;0.1376;0.0156;0.9667
-506629;506291;0.4877;0.1102;0.0156;0.9755
-494008;506398;0.4833;0.1324;0.0156;0.9665
-484658;507842;0.4810;0.1488;0.0157;0.9619
-496142;508020;0.4838;0.1286;0.0157;0.9677
-478996;512373;0.4785;0.1588;0.0158;0.9570
-492747;513878;0.4811;0.1346;0.0158;0.9622
-502387;514132;0.4876;0.1177;0.0159;0.9752
-507009;515173;0.4855;0.1096;0.0159;0.9710
-480744;516648;0.4793;0.1557;0.0159;0.9586
-500818;517035;0.4850;0.1204;0.0159;0.9699
-485731;517494;0.4806;0.1469;0.0160;0.9611
-507883;517817;0.4889;0.1080;0.0160;0.9778
-508041;518208;0.4896;0.1077;0.0160;0.9791
-498884;519466;0.4844;0.1238;0.0160;0.9689
-501361;524586;0.4850;0.1195;0.0162;0.9699
-494704;524844;0.4819;0.1312;0.0162;0.9638
-492365;524869;0.4791;0.1353;0.0162;0.9582
-479560;526134;0.4783;0.1578;0.0162;0.9566
-504193;526175;0.4832;0.1145;0.0162;0.9663
-487101;526974;0.4773;0.1445;0.0162;0.9546
-508887;527307;0.4894;0.1063;0.0163;0.9788
-504956;530665;0.4840;0.1132;0.0164;0.9681
-493998;532909;0.4784;0.1324;0.0164;0.9568
-508597;534173;0.4888;0.1068;0.0165;0.9775
-495781;534396;0.4807;0.1293;0.0165;0.9613
-496577;535472;0.4819;0.1279;0.0165;0.9638
-507611;536030;0.4874;0.1085;0.0165;0.9748
-503058;537131;0.4830;0.1165;0.0166;0.9661
-484454;538469;0.4766;0.1492;0.0166;0.9533
-505969;539379;0.4823;0.1114;0.0166;0.9646
-507299;541797;0.4867;0.1091;0.0167;0.9735
-510193;542579;0.4898;0.1040;0.0167;0.9795
-484866;543606;0.4765;0.1484;0.0168;0.9530
-497503;544126;0.4810;0.1263;0.0168;0.9621
-509772;544257;0.4874;0.1047;0.0168;0.9748
-510625;544672;0.4898;0.1032;0.0168;0.9795
-503335;546149;0.4822;0.1160;0.0168;0.9644
-510185;546695;0.4888;0.1040;0.0169;0.9775
-497972;547006;0.4804;0.1254;0.0169;0.9609
-496732;548157;0.4803;0.1276;0.0169;0.9605
-474229;550206;0.4732;0.1671;0.0170;0.9465
-500454;550571;0.4793;0.1211;0.0170;0.9587
-501092;550851;0.4784;0.1200;0.0170;0.9568
-506775;551242;0.4806;0.1100;0.0170;0.9611
-489683;552041;0.4743;0.1400;0.0170;0.9486
-509443;552124;0.4868;0.1053;0.0170;0.9737
-496593;552883;0.4778;0.1279;0.0170;0.9556
-511482;554274;0.4851;0.1017;0.0171;0.9702
-511781;555101;0.4898;0.1012;0.0171;0.9795
-507538;555732;0.4815;0.1086;0.0171;0.9630
-480987;556865;0.4732;0.1553;0.0172;0.9463
-511668;557802;0.4851;0.1014;0.0172;0.9702
-505157;558267;0.4790;0.1128;0.0172;0.9579
-482629;559428;0.4741;0.1524;0.0172;0.9482
-506459;559774;0.4796;0.1105;0.0173;0.9593
-512310;560346;0.4891;0.1003;0.0173;0.9782
-497243;560657;0.4764;0.1267;0.0173;0.9529
-474197;563304;0.4711;0.1672;0.0174;0.9421
-489937;565103;0.4759;0.1395;0.0174;0.9519
-495283;566533;0.4763;0.1302;0.0175;0.9526
-512014;567275;0.4870;0.1008;0.0175;0.9740
-485647;569468;0.4736;0.1471;0.0176;0.9473
-510880;571087;0.4845;0.1028;0.0176;0.9691
-487293;571231;0.4720;0.1442;0.0176;0.9440
-497277;572088;0.4772;0.1267;0.0176;0.9544
-476002;572269;0.4699;0.1640;0.0176;0.9399
-496441;573052;0.4743;0.1281;0.0177;0.9485
-503234;574466;0.4784;0.1162;0.0177;0.9568
-497278;574935;0.4768;0.1267;0.0177;0.9536
-483824;575191;0.4717;0.1503;0.0177;0.9434
-500868;576034;0.4774;0.1203;0.0178;0.9549
-512685;577623;0.4835;0.0996;0.0178;0.9670
-484531;578544;0.4709;0.1490;0.0178;0.9417
-470402;578788;0.4674;0.1739;0.0178;0.9349
-504734;578818;0.4766;0.1136;0.0178;0.9533
-510020;578990;0.4787;0.1043;0.0178;0.9574
-481972;580112;0.4685;0.1535;0.0179;0.9371
-512725;580449;0.4852;0.0995;0.0179;0.9703
-513898;580705;0.4870;0.0975;0.0179;0.9740
-503453;583347;0.4765;0.1158;0.0180;0.9529
-497636;584411;0.4762;0.1260;0.0180;0.9523
-490766;585497;0.4742;0.1381;0.0181;0.9484
-512919;585802;0.4826;0.0992;0.0181;0.9653
-492315;586037;0.4729;0.1354;0.0181;0.9457
-496275;589677;0.4733;0.1284;0.0182;0.9467
-485656;590369;0.4709;0.1471;0.0182;0.9418
-492768;591774;0.4732;0.1346;0.0182;0.9465
-506345;593123;0.4761;0.1107;0.0183;0.9521
-498528;594281;0.4743;0.1245;0.0183;0.9485
-499492;594571;0.4755;0.1228;0.0183;0.9509
-472295;594731;0.4678;0.1705;0.0183;0.9356
-476987;595516;0.4647;0.1623;0.0184;0.9294
-513146;595624;0.4853;0.0988;0.0184;0.9706
-513656;596420;0.4863;0.0979;0.0184;0.9725
-490284;596510;0.4706;0.1389;0.0184;0.9413
-510324;596912;0.4811;0.1037;0.0184;0.9622
-479156;597934;0.4658;0.1585;0.0184;0.9317
-513586;598822;0.4859;0.0980;0.0185;0.9717
-513127;599134;0.4853;0.0988;0.0185;0.9706
-514017;599697;0.4884;0.0973;0.0185;0.9769
-499686;600800;0.4721;0.1224;0.0185;0.9442
-493574;600800;0.4708;0.1332;0.0185;0.9416
-513973;601182;0.4806;0.0973;0.0185;0.9611
-506396;601815;0.4754;0.1106;0.0186;0.9508
-483505;602044;0.4704;0.1508;0.0186;0.9408
-515151;602362;0.4871;0.0953;0.0186;0.9742
-485447;603912;0.4659;0.1474;0.0186;0.9318
-501237;604537;0.4721;0.1197;0.0186;0.9442
-515042;605678;0.4870;0.0955;0.0187;0.9740
-510382;606366;0.4792;0.1036;0.0187;0.9584
-515189;606957;0.4855;0.0952;0.0187;0.9710
-514946;609294;0.4847;0.0956;0.0188;0.9694
-516498;609586;0.4893;0.0929;0.0188;0.9787
-500613;611598;0.4721;0.1208;0.0189;0.9442
-494051;612024;0.4720;0.1323;0.0189;0.9439
-473987;612346;0.4632;0.1676;0.0189;0.9264
-515448;612643;0.4863;0.0947;0.0189;0.9725
-503203;613477;0.4747;0.1162;0.0189;0.9493
-516079;614060;0.4847;0.0936;0.0189;0.9694
-500563;614124;0.4705;0.1209;0.0189;0.9410
-516015;614143;0.4826;0.0937;0.0189;0.9653
-506846;614923;0.4754;0.1098;0.0190;0.9508
-486649;615575;0.4694;0.1453;0.0190;0.9389
-498139;617005;0.4696;0.1251;0.0190;0.9392
-507047;617811;0.4769;0.1095;0.0190;0.9539
-511804;618009;0.4800;0.1011;0.0191;0.9600
-488901;618117;0.4686;0.1414;0.0191;0.9372
-492433;618453;0.4674;0.1352;0.0191;0.9348
-516643;619096;0.4880;0.0926;0.0191;0.9759
-513464;620356;0.4797;0.0982;0.0191;0.9594
-484199;621393;0.4631;0.1496;0.0192;0.9261
-508093;621469;0.4754;0.1077;0.0192;0.9508
-507277;622034;0.4733;0.1091;0.0192;0.9467
-501445;624101;0.4718;0.1193;0.0192;0.9436
-517453;624291;0.4857;0.0912;0.0192;0.9713
-516502;624472;0.4835;0.0929;0.0193;0.9671
-474862;625835;0.4593;0.1660;0.0193;0.9185
-508155;627640;0.4774;0.1075;0.0193;0.9549
-485233;628978;0.4656;0.1478;0.0194;0.9312
-500674;630125;0.4706;0.1207;0.0194;0.9413
-461483;631292;0.4561;0.1895;0.0195;0.9122
-511439;631428;0.4793;0.1018;0.0195;0.9586
-507584;631531;0.4733;0.1086;0.0195;0.9466
-485751;631635;0.4654;0.1469;0.0195;0.9309
-498025;631685;0.4695;0.1253;0.0195;0.9390
-508465;632071;0.4776;0.1070;0.0195;0.9553
-491596;632331;0.4672;0.1366;0.0195;0.9344
-513665;633409;0.4797;0.0979;0.0195;0.9594
-492578;634750;0.4680;0.1349;0.0196;0.9361
-516469;635152;0.4835;0.0929;0.0196;0.9670
-510826;635520;0.4746;0.1029;0.0196;0.9493
-518094;635928;0.4880;0.0901;0.0196;0.9759
-505930;635953;0.4720;0.1115;0.0196;0.9440
-487950;636101;0.4666;0.1430;0.0196;0.9332
-475996;636270;0.4625;0.1640;0.0196;0.9250
-504858;636314;0.4711;0.1133;0.0196;0.9421
-479214;636797;0.4590;0.1584;0.0196;0.9181
-517566;637861;0.4857;0.0910;0.0197;0.9713
-502336;637884;0.4710;0.1178;0.0197;0.9419
-464395;638425;0.4578;0.1844;0.0197;0.9155
-511976;638762;0.4778;0.1008;0.0197;0.9556
-512957;638764;0.4797;0.0991;0.0197;0.9594
-486635;638769;0.4621;0.1453;0.0197;0.9242
-495809;639655;0.4672;0.1292;0.0197;0.9345
-515371;639847;0.4818;0.0949;0.0197;0.9637
-509344;640500;0.4722;0.1055;0.0197;0.9444
-517186;641544;0.4826;0.0917;0.0198;0.9653
-473062;641621;0.4579;0.1692;0.0198;0.9157
-513415;641687;0.4782;0.0983;0.0198;0.9564
-517704;641696;0.4826;0.0908;0.0198;0.9653
-496366;642049;0.4694;0.1283;0.0198;0.9388
-497940;642476;0.4645;0.1255;0.0198;0.9290
-517100;642525;0.4806;0.0918;0.0198;0.9611
-482390;642536;0.4617;0.1528;0.0198;0.9233
-514632;642997;0.4800;0.0962;0.0198;0.9600
-487063;645942;0.4645;0.1446;0.0199;0.9290
-465795;646927;0.4548;0.1819;0.0199;0.9096
-493116;647152;0.4642;0.1340;0.0200;0.9284
-500900;648524;0.4673;0.1203;0.0200;0.9346
-517322;648858;0.4822;0.0914;0.0200;0.9643
-516675;648875;0.4799;0.0926;0.0200;0.9599
-517998;651099;0.4818;0.0903;0.0201;0.9635
-508342;652469;0.4717;0.1072;0.0201;0.9434
-506494;652917;0.4683;0.1105;0.0201;0.9366
-518182;653104;0.4827;0.0899;0.0201;0.9654
-506623;653118;0.4712;0.1102;0.0201;0.9424
-481650;654172;0.4579;0.1541;0.0202;0.9159
-510831;655002;0.4777;0.1028;0.0202;0.9554
-501814;655999;0.4661;0.1187;0.0202;0.9321
-508278;656163;0.4711;0.1073;0.0202;0.9422
-512359;656204;0.4725;0.1002;0.0202;0.9449
-490154;656460;0.4620;0.1392;0.0202;0.9239
-518183;657581;0.4809;0.0899;0.0203;0.9617
-518372;658639;0.4865;0.0896;0.0203;0.9730
-512854;660105;0.4760;0.0993;0.0204;0.9520
-519088;660736;0.4840;0.0883;0.0204;0.9681
-518133;661353;0.4780;0.0900;0.0204;0.9561
-504000;661904;0.4676;0.1148;0.0204;0.9352
-466983;661924;0.4504;0.1799;0.0204;0.9007
-514985;662687;0.4764;0.0956;0.0204;0.9527
-490692;663142;0.4634;0.1382;0.0204;0.9267
-455810;664551;0.4502;0.1995;0.0205;0.9005
-500870;664959;0.4657;0.1203;0.0205;0.9314
-491725;665159;0.4639;0.1364;0.0205;0.9278
-509934;665389;0.4699;0.1044;0.0205;0.9398
-520052;667072;0.4849;0.0867;0.0206;0.9698
-519603;669164;0.4809;0.0874;0.0206;0.9617
-512840;669827;0.4757;0.0993;0.0207;0.9515
-496155;669977;0.4643;0.1286;0.0207;0.9285
-509882;670021;0.4698;0.1045;0.0207;0.9395
-485486;670311;0.4605;0.1474;0.0207;0.9210
-503564;670762;0.4662;0.1156;0.0207;0.9323
-502396;671002;0.4650;0.1177;0.0207;0.9299
-504334;671909;0.4674;0.1143;0.0207;0.9349
-513843;672707;0.4742;0.0976;0.0207;0.9484
-508589;673148;0.4682;0.1068;0.0208;0.9364
-491048;673820;0.4636;0.1376;0.0208;0.9272
-496385;673872;0.4634;0.1282;0.0208;0.9269
-492751;674398;0.4628;0.1346;0.0208;0.9256
-497630;674465;0.4635;0.1260;0.0208;0.9271
-516084;675587;0.4747;0.0936;0.0208;0.9494
-476535;675930;0.4567;0.1631;0.0208;0.9134
-498307;676581;0.4648;0.1248;0.0209;0.9297
-519658;678008;0.4840;0.0873;0.0209;0.9681
-519897;678566;0.4799;0.0869;0.0209;0.9599
-520145;679695;0.4841;0.0865;0.0210;0.9682
-472298;679975;0.4554;0.1705;0.0210;0.9108
-490756;680526;0.4618;0.1381;0.0210;0.9236
-510514;680599;0.4679;0.1034;0.0210;0.9357
-491895;680814;0.4606;0.1361;0.0210;0.9211
-514954;680924;0.4701;0.0956;0.0210;0.9401
-479470;682346;0.4545;0.1579;0.0210;0.9091
-518248;683472;0.4785;0.0898;0.0211;0.9571
-516439;683550;0.4754;0.0930;0.0211;0.9508
-519399;683637;0.4780;0.0878;0.0211;0.9561
-487083;685565;0.4589;0.1446;0.0211;0.9178
-505729;686080;0.4675;0.1118;0.0212;0.9351
-498483;686170;0.4638;0.1245;0.0212;0.9275
-495418;686692;0.4621;0.1299;0.0212;0.9242
-484918;686973;0.4562;0.1484;0.0212;0.9125
-511993;688606;0.4687;0.1008;0.0212;0.9374
-497915;688616;0.4636;0.1255;0.0212;0.9273
-517676;688996;0.4713;0.0908;0.0212;0.9427
-520393;690007;0.4849;0.0861;0.0213;0.9697
-490259;690412;0.4604;0.1390;0.0213;0.9207
-485350;690523;0.4580;0.1476;0.0213;0.9160
-517970;691287;0.4770;0.0903;0.0213;0.9541
-500222;691433;0.4635;0.1215;0.0213;0.9269
-500807;691731;0.4590;0.1205;0.0213;0.9181
-470767;692122;0.4523;0.1732;0.0213;0.9045
-485414;692314;0.4533;0.1475;0.0213;0.9066
-520179;692790;0.4840;0.0864;0.0214;0.9681
-505193;692903;0.4638;0.1128;0.0214;0.9276
-469818;693189;0.4501;0.1749;0.0214;0.9002
-520846;693377;0.4763;0.0853;0.0214;0.9527
-521188;693667;0.4823;0.0847;0.0214;0.9646
-478017;693841;0.4507;0.1605;0.0214;0.9015
-518115;693915;0.4760;0.0901;0.0214;0.9520
-507428;695106;0.4660;0.1088;0.0214;0.9320
-521303;697487;0.4824;0.0845;0.0215;0.9647
-490326;697772;0.4589;0.1389;0.0215;0.9178
-490442;697811;0.4566;0.1387;0.0215;0.9133
-488999;697822;0.4565;0.1412;0.0215;0.9131
-506634;700712;0.4609;0.1102;0.0216;0.9217
-491676;700780;0.4563;0.1365;0.0216;0.9126
-520650;702669;0.4749;0.0856;0.0217;0.9499
-518841;705029;0.4705;0.0888;0.0217;0.9409
-468113;705223;0.4457;0.1779;0.0217;0.8913
-487822;706260;0.4560;0.1433;0.0218;0.9120
-472154;707185;0.4502;0.1708;0.0218;0.9004
-458426;707372;0.4439;0.1949;0.0218;0.8879
-510445;707478;0.4664;0.1035;0.0218;0.9328
-521095;709535;0.4814;0.0848;0.0219;0.9628
-513489;710749;0.4686;0.0982;0.0219;0.9372
-519285;711798;0.4749;0.0880;0.0219;0.9499
-500351;712327;0.4577;0.1213;0.0220;0.9154
-520896;712632;0.4774;0.0852;0.0220;0.9548
-508904;712929;0.4625;0.1062;0.0220;0.9249
-511806;713330;0.4647;0.1011;0.0220;0.9294
-468594;714434;0.4495;0.1770;0.0220;0.8991
-479947;715121;0.4515;0.1571;0.0220;0.9031
-513558;716460;0.4686;0.0981;0.0221;0.9372
-480785;717636;0.4516;0.1556;0.0221;0.9032
-512661;717682;0.4660;0.0996;0.0221;0.9320
-518947;719628;0.4690;0.0886;0.0222;0.9380
-521022;719682;0.4804;0.0850;0.0222;0.9608
-453385;720099;0.4431;0.2037;0.0222;0.8862
-495137;720260;0.4564;0.1304;0.0222;0.9129
-471576;720408;0.4490;0.1718;0.0222;0.8980
-522330;722304;0.4785;0.0827;0.0223;0.9571
-512719;723671;0.4681;0.0995;0.0223;0.9362
-491315;724656;0.4563;0.1371;0.0223;0.9125
-488955;724713;0.4532;0.1413;0.0223;0.9063
-521361;724771;0.4780;0.0844;0.0223;0.9561
-456158;725320;0.4431;0.1989;0.0224;0.8861
-505071;726584;0.4608;0.1130;0.0224;0.9216
-496848;726755;0.4571;0.1274;0.0224;0.9142
-521357;726891;0.4770;0.0844;0.0224;0.9541
-522644;727874;0.4796;0.0821;0.0224;0.9591
-513855;728628;0.4637;0.0975;0.0225;0.9274
-509540;729109;0.4636;0.1051;0.0225;0.9272
-515793;729673;0.4639;0.0941;0.0225;0.9278
-478912;729832;0.4503;0.1589;0.0225;0.9005
-471963;730352;0.4460;0.1711;0.0225;0.8920
-509719;730391;0.4624;0.1048;0.0225;0.9248
-507749;730429;0.4623;0.1083;0.0225;0.9246
-458983;730450;0.4433;0.1939;0.0225;0.8867
-489266;731065;0.4560;0.1407;0.0225;0.9119
-469333;731584;0.4421;0.1757;0.0226;0.8842
-496813;731595;0.4568;0.1275;0.0226;0.9136
-472851;732755;0.4472;0.1696;0.0226;0.8945
-504023;732976;0.4593;0.1148;0.0226;0.9187
-520382;734066;0.4741;0.0861;0.0226;0.9481
-522436;734090;0.4792;0.0825;0.0226;0.9584
-521571;734332;0.4782;0.0840;0.0226;0.9564
-490590;734638;0.4560;0.1384;0.0226;0.9120
-495401;734913;0.4560;0.1299;0.0227;0.9121
-473219;737386;0.4477;0.1689;0.0227;0.8953
-504740;738764;0.4591;0.1135;0.0228;0.9182
-480497;739078;0.4484;0.1561;0.0228;0.8969
-514946;739104;0.4624;0.0956;0.0228;0.9248
-487529;739957;0.4518;0.1438;0.0228;0.9036
-519258;740739;0.4680;0.0880;0.0228;0.9361
-522708;740974;0.4761;0.0820;0.0228;0.9523
-455554;741348;0.4399;0.1999;0.0229;0.8798
-501497;741515;0.4583;0.1192;0.0229;0.9166
-491758;743545;0.4531;0.1363;0.0229;0.9062
-522432;743656;0.4720;0.0825;0.0229;0.9439
-514151;744115;0.4624;0.0970;0.0229;0.9248
-501699;744320;0.4585;0.1189;0.0229;0.9171
-494750;744493;0.4554;0.1311;0.0230;0.9109
-522736;746424;0.4761;0.0819;0.0230;0.9521
-498565;746721;0.4550;0.1244;0.0230;0.9100
-492104;747413;0.4550;0.1357;0.0230;0.9099
-498978;747523;0.4564;0.1237;0.0230;0.9129
-522891;747650;0.4824;0.0817;0.0230;0.9647
-510088;747800;0.4580;0.1042;0.0231;0.9160
-520553;747895;0.4704;0.0858;0.0231;0.9409
-522772;748231;0.4796;0.0819;0.0231;0.9592
-496092;751107;0.4516;0.1287;0.0232;0.9032
-498837;751378;0.4564;0.1239;0.0232;0.9128
-515699;752846;0.4638;0.0943;0.0232;0.9276
-447283;752953;0.4362;0.2145;0.0232;0.8724
-523085;753003;0.4795;0.0813;0.0232;0.9591
-496378;753201;0.4540;0.1282;0.0232;0.9079
-518407;753256;0.4653;0.0895;0.0232;0.9305
-471322;754946;0.4409;0.1722;0.0233;0.8818
-453373;755562;0.4376;0.2038;0.0233;0.8752
-522946;755715;0.4784;0.0816;0.0233;0.9569
-523786;756510;0.4755;0.0801;0.0233;0.9509
-499576;757493;0.4566;0.1226;0.0234;0.9131
-472317;757833;0.4463;0.1705;0.0234;0.8926
-521810;758624;0.4671;0.0836;0.0234;0.9343
-515900;758711;0.4630;0.0939;0.0234;0.9261
-520392;758738;0.4668;0.0861;0.0234;0.9336
-486802;758973;0.4508;0.1450;0.0234;0.9015
-516469;759721;0.4627;0.0929;0.0234;0.9253
-456134;760180;0.4397;0.1989;0.0234;0.8794
-475129;760188;0.4406;0.1656;0.0234;0.8811
-510253;760292;0.4607;0.1039;0.0234;0.9214
-520891;762028;0.4653;0.0852;0.0235;0.9306
-459162;762717;0.4378;0.1936;0.0235;0.8757
-511494;763413;0.4596;0.1017;0.0235;0.9191
-478767;764148;0.4462;0.1592;0.0236;0.8925
-481000;764265;0.4467;0.1552;0.0236;0.8934
-512654;764282;0.4622;0.0996;0.0236;0.9244
-496588;764896;0.4539;0.1279;0.0236;0.9078
-467331;764987;0.4394;0.1792;0.0236;0.8788
-522512;765238;0.4748;0.0823;0.0236;0.9496
-487008;765582;0.4510;0.1447;0.0236;0.9019
-482503;765655;0.4456;0.1526;0.0236;0.8912
-458075;765794;0.4323;0.1955;0.0236;0.8646
-522651;766069;0.4751;0.0821;0.0236;0.9502
-513791;766511;0.4615;0.0976;0.0236;0.9230
-523683;766531;0.4684;0.0803;0.0236;0.9368
-518354;767250;0.4592;0.0896;0.0237;0.9184
-503119;767303;0.4558;0.1164;0.0237;0.9116
-476784;767914;0.4410;0.1626;0.0237;0.8819
-500333;768111;0.4551;0.1213;0.0237;0.9102
-491393;768605;0.4493;0.1370;0.0237;0.8986
-472813;770513;0.4403;0.1696;0.0238;0.8805
-495130;770682;0.4508;0.1304;0.0238;0.9016
-523814;770692;0.4775;0.0800;0.0238;0.9551
-500806;771327;0.4521;0.1205;0.0238;0.9042
-521185;771430;0.4640;0.0847;0.0238;0.9280
-524130;771738;0.4705;0.0795;0.0238;0.9409
-490023;772359;0.4492;0.1394;0.0238;0.8983
-473075;772388;0.4376;0.1692;0.0238;0.8752
-486823;773554;0.4483;0.1450;0.0238;0.8967
-524214;773796;0.4761;0.0793;0.0239;0.9523
-501318;774454;0.4538;0.1196;0.0239;0.9075
-523196;774773;0.4659;0.0811;0.0239;0.9317
-464833;774820;0.4320;0.1836;0.0239;0.8639
-499804;775831;0.4477;0.1222;0.0239;0.8954
-515058;775898;0.4582;0.0954;0.0239;0.9164
-524475;776105;0.4740;0.0789;0.0239;0.9480
-474773;777436;0.4378;0.1662;0.0240;0.8757
-518790;777446;0.4615;0.0889;0.0240;0.9230
-508560;777530;0.4569;0.1068;0.0240;0.9138
-477007;777606;0.4372;0.1623;0.0240;0.8744
-524174;778621;0.4733;0.0794;0.0240;0.9465
-524545;778627;0.4766;0.0788;0.0240;0.9531
-518717;779121;0.4614;0.0890;0.0240;0.9228
-503682;779348;0.4538;0.1154;0.0240;0.9075
-500434;779932;0.4498;0.1211;0.0240;0.8996
-480124;780817;0.4405;0.1568;0.0241;0.8811
-509203;780993;0.4522;0.1057;0.0241;0.9044
-490988;781103;0.4472;0.1377;0.0241;0.8944
-524648;782264;0.4752;0.0786;0.0241;0.9503
-505627;782503;0.4507;0.1120;0.0241;0.9013
-446757;782514;0.4275;0.2154;0.0241;0.8551
-487502;784090;0.4458;0.1438;0.0242;0.8916
-484659;784717;0.4428;0.1488;0.0242;0.8856
-524472;785805;0.4671;0.0789;0.0242;0.9343
-509907;785938;0.4553;0.1045;0.0242;0.9105
-512665;786175;0.4576;0.0996;0.0242;0.9152
-503072;786349;0.4501;0.1165;0.0242;0.9003
-472365;787185;0.4317;0.1704;0.0243;0.8633
-487540;787897;0.4458;0.1438;0.0243;0.8916
-500715;788037;0.4500;0.1206;0.0243;0.9000
-479833;788803;0.4376;0.1573;0.0243;0.8752
-488476;789823;0.4407;0.1421;0.0243;0.8814
-494876;790367;0.4422;0.1309;0.0244;0.8844
-518059;791273;0.4577;0.0902;0.0244;0.9154
-483221;791509;0.4403;0.1513;0.0244;0.8807
-495521;792483;0.4458;0.1297;0.0244;0.8917
-524755;794453;0.4761;0.0784;0.0245;0.9523
-524537;794842;0.4751;0.0788;0.0245;0.9502
-500787;795162;0.4467;0.1205;0.0245;0.8934
-507429;795953;0.4504;0.1088;0.0245;0.9008
-462579;796235;0.4316;0.1876;0.0245;0.8633
-488948;796264;0.4387;0.1413;0.0245;0.8773
-478211;796489;0.4332;0.1601;0.0246;0.8664
-455529;800034;0.4269;0.2000;0.0247;0.8538
-481033;800300;0.4353;0.1552;0.0247;0.8707
-495062;800347;0.4404;0.1305;0.0247;0.8809
-524778;801839;0.4744;0.0784;0.0247;0.9487
-466707;801854;0.4299;0.1803;0.0247;0.8599
-524253;802789;0.4659;0.0793;0.0247;0.9318
-507609;802827;0.4509;0.1085;0.0248;0.9018
-496425;803031;0.4431;0.1281;0.0248;0.8862
-517772;803170;0.4568;0.0907;0.0248;0.9136
-504307;803335;0.4478;0.1143;0.0248;0.8955
-521228;803990;0.4655;0.0846;0.0248;0.9310
-514172;804136;0.4564;0.0970;0.0248;0.9129
-518540;805242;0.4585;0.0893;0.0248;0.9170
-466837;805355;0.4314;0.1801;0.0248;0.8628
-486423;806215;0.4370;0.1457;0.0249;0.8739
-476972;806561;0.4318;0.1623;0.0249;0.8636
-501634;806782;0.4424;0.1190;0.0249;0.8848
-508425;807150;0.4480;0.1071;0.0249;0.8959
-510171;807679;0.4553;0.1040;0.0249;0.9105
-467875;808623;0.4299;0.1783;0.0249;0.8599
-515108;808668;0.4540;0.0953;0.0249;0.9080
-525318;808676;0.4706;0.0774;0.0249;0.9412
-510587;809213;0.4537;0.1033;0.0249;0.9074
-495815;809469;0.4407;0.1292;0.0250;0.8814
-511639;809704;0.4537;0.1014;0.0250;0.9073
-521816;810594;0.4585;0.0836;0.0250;0.9169
-502733;811111;0.4441;0.1171;0.0250;0.8882
-525578;812270;0.4664;0.0769;0.0250;0.9327
-517383;812716;0.4522;0.0913;0.0251;0.9044
-510889;812942;0.4472;0.1027;0.0251;0.8944
-473595;813052;0.4307;0.1682;0.0251;0.8615
-491510;814524;0.4387;0.1368;0.0251;0.8773
-481323;814600;0.4278;0.1547;0.0251;0.8556
-490266;815924;0.4350;0.1390;0.0252;0.8700
-525965;817376;0.4718;0.0763;0.0252;0.9437
-456282;817671;0.4236;0.1987;0.0252;0.8471
-484501;817846;0.4349;0.1491;0.0252;0.8698
-462287;817852;0.4264;0.1881;0.0252;0.8528
-518213;818973;0.4574;0.0899;0.0252;0.9148
-493045;819291;0.4320;0.1341;0.0253;0.8641
-495266;820269;0.4373;0.1302;0.0253;0.8747
-525016;820727;0.4619;0.0779;0.0253;0.9237
-507492;820770;0.4424;0.1087;0.0253;0.8848
-519402;822575;0.4571;0.0878;0.0254;0.9142
-483730;822976;0.4316;0.1504;0.0254;0.8632
-523141;823061;0.4580;0.0812;0.0254;0.9160
-495723;824892;0.4373;0.1294;0.0254;0.8747
-526817;825153;0.4706;0.0748;0.0254;0.9412
-518018;825468;0.4496;0.0902;0.0254;0.8992
-510914;825482;0.4496;0.1027;0.0254;0.8992
-469157;826226;0.4274;0.1760;0.0255;0.8548
-468628;826346;0.4265;0.1770;0.0255;0.8530
-462473;827833;0.4244;0.1878;0.0255;0.8487
-489499;828046;0.4310;0.1403;0.0255;0.8620
-526805;828512;0.4673;0.0748;0.0255;0.9346
-469670;828799;0.4274;0.1751;0.0256;0.8548
-514660;828948;0.4424;0.0961;0.0256;0.8848
-507718;829574;0.4401;0.1083;0.0256;0.8801
-497024;829816;0.4350;0.1271;0.0256;0.8700
-489120;830102;0.4299;0.1410;0.0256;0.8598
-474633;830278;0.4277;0.1664;0.0256;0.8554
-449710;830305;0.4214;0.2102;0.0256;0.8428
-484088;830588;0.4299;0.1498;0.0256;0.8598
-455984;830669;0.4210;0.1992;0.0256;0.8420
-497935;831868;0.4378;0.1255;0.0256;0.8756
-456468;831879;0.4209;0.1983;0.0256;0.8418
-509885;832990;0.4393;0.1045;0.0257;0.8786
-524490;833240;0.4606;0.0789;0.0257;0.9211
-502024;833403;0.4372;0.1183;0.0257;0.8745
-520415;833747;0.4542;0.0860;0.0257;0.9083
-468766;835105;0.4245;0.1767;0.0257;0.8490
-516104;836183;0.4462;0.0936;0.0258;0.8923
-518440;836184;0.4522;0.0895;0.0258;0.9045
-501833;836421;0.4366;0.1187;0.0258;0.8732
-451846;836657;0.4171;0.2064;0.0258;0.8343
-500083;837213;0.4356;0.1217;0.0258;0.8712
-495439;837500;0.4301;0.1299;0.0258;0.8602
-474736;838297;0.4256;0.1662;0.0258;0.8512
-506099;839053;0.4359;0.1112;0.0259;0.8717
-519402;839249;0.4517;0.0878;0.0259;0.9035
-502446;839483;0.4348;0.1176;0.0259;0.8695
-497210;839797;0.4331;0.1268;0.0259;0.8663
-475386;841000;0.4263;0.1651;0.0259;0.8526
-510634;841057;0.4404;0.1032;0.0259;0.8807
-481988;841136;0.4276;0.1535;0.0259;0.8553
-476428;841433;0.4256;0.1633;0.0259;0.8511
-527088;842610;0.4696;0.0743;0.0260;0.9393
-447307;843797;0.4150;0.2144;0.0260;0.8299
-520654;843858;0.4443;0.0856;0.0260;0.8887
-470360;845452;0.4233;0.1739;0.0261;0.8465
-497221;845651;0.4317;0.1268;0.0261;0.8634
-457435;847504;0.4166;0.1966;0.0261;0.8332
-503951;848090;0.4356;0.1149;0.0261;0.8712
-470023;848965;0.4197;0.1745;0.0262;0.8395
-527197;849050;0.4673;0.0741;0.0262;0.9346
-484056;849364;0.4273;0.1499;0.0262;0.8547
-521648;849536;0.4513;0.0839;0.0262;0.9026
-511118;850058;0.4375;0.1023;0.0262;0.8750
-525739;850164;0.4591;0.0767;0.0262;0.9183
-483880;850524;0.4217;0.1502;0.0262;0.8433
-516936;851111;0.4406;0.0921;0.0262;0.8813
-527421;851583;0.4682;0.0737;0.0263;0.9365
-503633;851895;0.4329;0.1155;0.0263;0.8658
-506245;853072;0.4354;0.1109;0.0263;0.8708
-459319;853968;0.4188;0.1933;0.0263;0.8375
-491282;854448;0.4293;0.1372;0.0263;0.8586
-491662;854456;0.4276;0.1365;0.0263;0.8553
-496510;854982;0.4271;0.1280;0.0264;0.8541
-526673;855449;0.4577;0.0750;0.0264;0.9154
-502188;855678;0.4318;0.1180;0.0264;0.8636
-508914;856573;0.4356;0.1062;0.0264;0.8712
-487936;856911;0.4223;0.1431;0.0264;0.8446
-517660;858655;0.4441;0.0909;0.0265;0.8882
-505226;859121;0.4335;0.1127;0.0265;0.8670
-496568;859388;0.4240;0.1279;0.0265;0.8481
-511572;859649;0.4370;0.1015;0.0265;0.8740
-452453;859794;0.4127;0.2054;0.0265;0.8254
-523445;860165;0.4460;0.0807;0.0265;0.8921
-463475;861909;0.4196;0.1860;0.0266;0.8392
-494273;862266;0.4239;0.1319;0.0266;0.8478
-476874;862420;0.4214;0.1625;0.0266;0.8428
-502846;863443;0.4317;0.1169;0.0266;0.8635
-528590;865618;0.4669;0.0717;0.0267;0.9339
-483876;865782;0.4207;0.1502;0.0267;0.8414
-512519;866078;0.4386;0.0999;0.0267;0.8772
-499497;866305;0.4298;0.1228;0.0267;0.8595
-514515;867214;0.4389;0.0964;0.0267;0.8778
-528407;867827;0.4620;0.0720;0.0268;0.9240
-503602;868240;0.4310;0.1155;0.0268;0.8619
-453754;868336;0.4127;0.2031;0.0268;0.8254
-523671;868969;0.4438;0.0803;0.0268;0.8876
-459425;871544;0.4119;0.1931;0.0269;0.8237
-476781;871611;0.4195;0.1626;0.0269;0.8390
-525319;871706;0.4543;0.0774;0.0269;0.9087
-503701;872269;0.4299;0.1154;0.0269;0.8598
-513894;872809;0.4351;0.0975;0.0269;0.8703
-519103;872927;0.4406;0.0883;0.0269;0.8812
-490638;873170;0.4216;0.1383;0.0269;0.8433
-529122;874228;0.4672;0.0707;0.0270;0.9343
-505211;874391;0.4315;0.1127;0.0270;0.8629
-528884;875021;0.4657;0.0711;0.0270;0.9313
-499723;875110;0.4272;0.1224;0.0270;0.8544
-503856;875423;0.4279;0.1151;0.0270;0.8557
-480671;875483;0.4172;0.1558;0.0270;0.8344
-470560;875880;0.4110;0.1736;0.0270;0.8219
-510909;875953;0.4310;0.1027;0.0270;0.8620
-527014;877118;0.4610;0.0744;0.0270;0.9220
-488339;877366;0.4202;0.1424;0.0270;0.8404
-511156;878102;0.4333;0.1023;0.0271;0.8665
-423175;878439;0.4046;0.2568;0.0271;0.8091
-492492;878820;0.4236;0.1351;0.0271;0.8471
-499939;879089;0.4275;0.1220;0.0271;0.8550
-454001;881258;0.4081;0.2027;0.0272;0.8162
-525862;883824;0.4529;0.0764;0.0272;0.9058
-498514;884283;0.4209;0.1245;0.0273;0.8418
-527373;885221;0.4562;0.0738;0.0273;0.9124
-513903;885869;0.4368;0.0975;0.0273;0.8735
-518312;886745;0.4351;0.0897;0.0273;0.8703
-505149;888709;0.4249;0.1128;0.0274;0.8498
-506694;889044;0.4277;0.1101;0.0274;0.8553
-512292;889218;0.4313;0.1003;0.0274;0.8627
-492560;889692;0.4203;0.1349;0.0274;0.8407
-473161;889749;0.4148;0.1690;0.0274;0.8296
-486028;889973;0.4130;0.1464;0.0274;0.8259
-512222;890378;0.4311;0.1004;0.0274;0.8622
-524630;891399;0.4481;0.0786;0.0275;0.8961
-524741;892823;0.4499;0.0784;0.0275;0.8998
-510063;893416;0.4292;0.1042;0.0275;0.8584
-519122;893993;0.4361;0.0883;0.0276;0.8721
-524502;894861;0.4461;0.0788;0.0276;0.8922
-494102;895968;0.4167;0.1322;0.0276;0.8335
-486492;896562;0.4159;0.1456;0.0276;0.8319
-527745;896627;0.4603;0.0731;0.0276;0.9206
-513207;897060;0.4307;0.0987;0.0277;0.8615
-456271;897679;0.4058;0.1987;0.0277;0.8115
-499422;897891;0.4216;0.1229;0.0277;0.8432
-522086;898867;0.4414;0.0831;0.0277;0.8829
-448201;898951;0.4034;0.2128;0.0277;0.8067
-526497;899385;0.4483;0.0753;0.0277;0.8965
-529556;899436;0.4531;0.0700;0.0277;0.9062
-486214;899954;0.4107;0.1461;0.0277;0.8214
-458443;900011;0.4100;0.1949;0.0277;0.8199
-510482;900051;0.4268;0.1035;0.0277;0.8535
-529647;900315;0.4670;0.0698;0.0278;0.9340
-526341;900935;0.4429;0.0756;0.0278;0.8858
-511786;901603;0.4299;0.1012;0.0278;0.8598
-502580;902558;0.4211;0.1173;0.0278;0.8421
-493312;902755;0.4159;0.1336;0.0278;0.8317
-462070;903206;0.4097;0.1885;0.0278;0.8194
-495249;903731;0.4205;0.1302;0.0279;0.8409
-520669;903940;0.4374;0.0856;0.0279;0.8748
-529442;904442;0.4499;0.0702;0.0279;0.8999
-451017;905412;0.4009;0.2079;0.0279;0.8018
-482656;906306;0.4107;0.1523;0.0279;0.8213
-519668;907924;0.4361;0.0873;0.0280;0.8723
-519384;908504;0.4313;0.0878;0.0280;0.8626
-508213;909575;0.4255;0.1074;0.0280;0.8509
-469923;910227;0.4088;0.1747;0.0281;0.8177
-529702;910239;0.4577;0.0697;0.0281;0.9154
-524990;910556;0.4408;0.0780;0.0281;0.8817
-496332;911443;0.4189;0.1283;0.0281;0.8378
-488879;912148;0.4107;0.1414;0.0281;0.8214
-513495;912600;0.4274;0.0982;0.0281;0.8547
-504991;912917;0.4239;0.1131;0.0281;0.8477
-424775;913947;0.3979;0.2540;0.0282;0.7959
-526852;914184;0.4483;0.0747;0.0282;0.8967
-499738;915568;0.4143;0.1223;0.0282;0.8285
-526862;916172;0.4481;0.0747;0.0282;0.8962
-456495;916377;0.4034;0.1983;0.0283;0.8067
-471126;916445;0.4094;0.1726;0.0283;0.8187
-526825;916695;0.4429;0.0748;0.0283;0.8858
-473302;917068;0.4069;0.1688;0.0283;0.8138
-504265;918454;0.4168;0.1144;0.0283;0.8337
-526945;918482;0.4366;0.0745;0.0283;0.8733
-528586;918732;0.4417;0.0717;0.0283;0.8833
-512614;919258;0.4251;0.0997;0.0283;0.8501
-522239;919604;0.4313;0.0828;0.0284;0.8626
-475071;919647;0.4077;0.1657;0.0284;0.8155
-463610;919847;0.4050;0.1858;0.0284;0.8100
-482686;920159;0.4102;0.1523;0.0284;0.8203
-485994;920374;0.4104;0.1465;0.0284;0.8208
-519784;920693;0.4267;0.0871;0.0284;0.8535
-512758;920705;0.4247;0.0995;0.0284;0.8495
-530282;921297;0.4617;0.0687;0.0284;0.9233
-505870;921962;0.4207;0.1116;0.0284;0.8414
-492821;922101;0.4129;0.1345;0.0284;0.8258
-478520;922690;0.4096;0.1596;0.0284;0.8192
-476586;923974;0.4060;0.1630;0.0285;0.8120
-451241;924110;0.3984;0.2075;0.0285;0.7969
-524790;924492;0.4358;0.0783;0.0285;0.8716
-495054;924604;0.4101;0.1306;0.0285;0.8202
-515001;924875;0.4248;0.0955;0.0285;0.8496
-506301;925184;0.4213;0.1108;0.0285;0.8426
-453975;925463;0.4012;0.2027;0.0285;0.8023
-527021;926627;0.4375;0.0744;0.0286;0.8750
-529911;927023;0.4515;0.0693;0.0286;0.9031
-529659;927659;0.4515;0.0698;0.0286;0.9031
-463279;928216;0.4034;0.1864;0.0286;0.8068
-509549;928269;0.4211;0.1051;0.0286;0.8422
-483169;928503;0.4083;0.1514;0.0286;0.8165
-495637;928563;0.4106;0.1295;0.0286;0.8212
-457824;928638;0.4002;0.1959;0.0286;0.8003
-459788;929183;0.4023;0.1925;0.0286;0.8047
-473050;929981;0.4039;0.1692;0.0287;0.8078
-485278;930386;0.4089;0.1477;0.0287;0.8178
-489103;930846;0.4084;0.1410;0.0287;0.8167
-499510;931004;0.4079;0.1227;0.0287;0.8158
-519965;931757;0.4307;0.0868;0.0287;0.8615
-481445;931855;0.4073;0.1545;0.0287;0.8147
-511449;932154;0.4232;0.1018;0.0287;0.8465
-445849;932665;0.3955;0.2170;0.0288;0.7911
-475809;933003;0.4043;0.1644;0.0288;0.8087
-465597;934162;0.4027;0.1823;0.0288;0.8054
-475690;934732;0.4041;0.1646;0.0288;0.8083
-508073;935860;0.4171;0.1077;0.0289;0.8341
-530080;936197;0.4499;0.0690;0.0289;0.8999
-474505;936294;0.4020;0.1666;0.0289;0.8041
-508255;937446;0.4188;0.1074;0.0289;0.8375
-484182;937706;0.4060;0.1497;0.0289;0.8119
-519909;938104;0.4296;0.0869;0.0289;0.8593
-506496;938215;0.4142;0.1105;0.0289;0.8284
-521738;938894;0.4288;0.0837;0.0289;0.8575
-512809;939692;0.4230;0.0994;0.0290;0.8460
-500103;939709;0.4122;0.1217;0.0290;0.8244
-525656;940211;0.4318;0.0768;0.0290;0.8636
-457999;940525;0.3977;0.1956;0.0290;0.7953
-479267;940576;0.4040;0.1583;0.0290;0.8079
-471116;941011;0.4018;0.1726;0.0290;0.8035
-527706;941161;0.4377;0.0732;0.0290;0.8754
-528850;941203;0.4449;0.0712;0.0290;0.8899
-514493;941458;0.4211;0.0964;0.0290;0.8423
-530752;941585;0.4562;0.0679;0.0290;0.9124
-514026;943247;0.4188;0.0972;0.0291;0.8375
-464582;943293;0.3998;0.1841;0.0291;0.7996
-481263;943991;0.4013;0.1548;0.0291;0.8025
-456216;944190;0.3972;0.1988;0.0291;0.7944
-489299;945085;0.4035;0.1407;0.0291;0.8071
-519818;945169;0.4226;0.0871;0.0291;0.8452
-507039;945858;0.4165;0.1095;0.0292;0.8331
-530301;947273;0.4562;0.0687;0.0292;0.9123
-531558;947464;0.4483;0.0664;0.0292;0.8966
-457688;948649;0.3959;0.1962;0.0292;0.7918
-530724;948812;0.4483;0.0679;0.0293;0.8966
-481263;948928;0.3999;0.1548;0.0293;0.7999
-518063;949665;0.4210;0.0901;0.0293;0.8421
-530113;950101;0.4396;0.0690;0.0293;0.8792
-500713;950230;0.4031;0.1206;0.0293;0.8062
-447813;950369;0.3950;0.2135;0.0293;0.7899
-521285;951354;0.4232;0.0845;0.0293;0.8464
-513767;952137;0.4162;0.0977;0.0294;0.8323
-508297;954558;0.4148;0.1073;0.0294;0.8297
-474592;956359;0.3995;0.1665;0.0295;0.7991
-530640;956607;0.4434;0.0681;0.0295;0.8868
-488021;956624;0.3992;0.1429;0.0295;0.7983
-434108;957280;0.3900;0.2376;0.0295;0.7800
-522355;957593;0.4298;0.0826;0.0295;0.8596
-530038;958157;0.4337;0.0691;0.0295;0.8673
-456745;958309;0.3948;0.1978;0.0295;0.7895
-464456;958492;0.3977;0.1843;0.0295;0.7953
-526811;958814;0.4320;0.0748;0.0296;0.8640
-520653;959485;0.4226;0.0856;0.0296;0.8452
-508748;959782;0.4142;0.1065;0.0296;0.8284
-474121;960025;0.3989;0.1673;0.0296;0.7978
-523956;960052;0.4296;0.0798;0.0296;0.8591
-474577;960557;0.3970;0.1665;0.0296;0.7939
-517526;961079;0.4161;0.0911;0.0296;0.8322
-531719;961534;0.4453;0.0662;0.0296;0.8906
-503096;962209;0.4050;0.1164;0.0297;0.8100
-495192;962790;0.3987;0.1303;0.0297;0.7973
-514850;962853;0.4144;0.0958;0.0297;0.8287
-491057;964136;0.3985;0.1376;0.0297;0.7970
-446758;965966;0.3930;0.2154;0.0298;0.7859
-503846;966548;0.4106;0.1151;0.0298;0.8211
-526811;966571;0.4255;0.0748;0.0298;0.8510
-506613;966579;0.4052;0.1103;0.0298;0.8104
-476260;966698;0.3972;0.1636;0.0298;0.7943
-497189;967780;0.4005;0.1268;0.0298;0.8009
-475166;968239;0.3970;0.1655;0.0299;0.7939
-481350;968992;0.3974;0.1546;0.0299;0.7948
-452507;969015;0.3930;0.2053;0.0299;0.7860
-511534;969185;0.4101;0.1016;0.0299;0.8202
-500800;970294;0.4006;0.1205;0.0299;0.8012
-521690;972309;0.4214;0.0838;0.0300;0.8428
-532318;972828;0.4453;0.0651;0.0300;0.8906
-527595;973575;0.4312;0.0734;0.0300;0.8624
-511761;973933;0.4121;0.1012;0.0300;0.8241
-524093;973984;0.4253;0.0796;0.0300;0.8506
-485101;975186;0.3963;0.1480;0.0301;0.7927
-507471;975291;0.4025;0.1087;0.0301;0.8051
-470773;975338;0.3935;0.1732;0.0301;0.7870
-475795;975585;0.3944;0.1644;0.0301;0.7888
-454097;976613;0.3914;0.2025;0.0301;0.7829
-532879;976757;0.4300;0.0641;0.0301;0.8601
-524325;977762;0.4210;0.0791;0.0301;0.8420
-462028;979800;0.3900;0.1886;0.0302;0.7799
-482553;983281;0.3936;0.1525;0.0303;0.7872
-430175;984268;0.3840;0.2445;0.0303;0.7680
-524723;985003;0.4205;0.0785;0.0304;0.8410
-509083;985821;0.4074;0.1059;0.0304;0.8149
-533632;985879;0.4303;0.0628;0.0304;0.8605
-440377;986284;0.3849;0.2266;0.0304;0.7698
-466220;986376;0.3925;0.1812;0.0304;0.7850
-521753;986401;0.4149;0.0837;0.0304;0.8298
-515428;987369;0.4139;0.0948;0.0304;0.8279
-482553;988218;0.3922;0.1525;0.0305;0.7844
-526457;989181;0.4254;0.0754;0.0305;0.8508
-503391;989206;0.3981;0.1159;0.0305;0.7962
-528733;989210;0.4216;0.0714;0.0305;0.8432
-516641;989461;0.4123;0.0926;0.0305;0.8246
-447625;989581;0.3858;0.2139;0.0305;0.7716
-495245;990622;0.3961;0.1302;0.0305;0.7922
-512457;990767;0.4097;0.1000;0.0305;0.8195
-514775;991886;0.4121;0.0959;0.0306;0.8243
-501874;992140;0.3980;0.1186;0.0306;0.7960
-429244;992164;0.3818;0.2461;0.0306;0.7636
-530101;992315;0.4260;0.0690;0.0306;0.8519
-468835;993386;0.3893;0.1766;0.0306;0.7785
-497705;994768;0.3954;0.1259;0.0307;0.7908
-489311;995915;0.3914;0.1406;0.0307;0.7828
-458311;997118;0.3866;0.1951;0.0307;0.7732
-529927;997405;0.4228;0.0693;0.0307;0.8456
-507429;997975;0.4024;0.1088;0.0308;0.8048
-513680;998011;0.4046;0.0978;0.0308;0.8091
-533275;998824;0.4282;0.0634;0.0308;0.8565
-492453;999628;0.3928;0.1351;0.0308;0.7857
-520204;1000055;0.4116;0.0864;0.0308;0.8232
-516491;1000769;0.4075;0.0929;0.0309;0.8149
-525382;1001230;0.4210;0.0773;0.0309;0.8421
-528739;1001434;0.4213;0.0714;0.0309;0.8425
-519782;1002009;0.4069;0.0871;0.0309;0.8138
-524916;1002859;0.4140;0.0781;0.0309;0.8280
-460972;1003912;0.3845;0.1904;0.0310;0.7689
-487108;1003989;0.3908;0.1445;0.0310;0.7815
-504241;1004887;0.3978;0.1144;0.0310;0.7955
-466349;1005805;0.3855;0.1810;0.0310;0.7710
-497822;1009222;0.3954;0.1257;0.0311;0.7908
-508651;1009552;0.3951;0.1067;0.0311;0.7902
-476956;1009571;0.3890;0.1623;0.0311;0.7779
-509951;1011139;0.4034;0.1044;0.0312;0.8067
-520019;1011672;0.4045;0.0867;0.0312;0.8090
-510354;1012957;0.4026;0.1037;0.0312;0.8052
-477348;1013706;0.3908;0.1617;0.0313;0.7815
-444674;1013982;0.3811;0.2190;0.0313;0.7622
-521533;1014532;0.4123;0.0841;0.0313;0.8246
-514206;1015387;0.3996;0.0969;0.0313;0.7992
-466705;1015729;0.3872;0.1803;0.0313;0.7744
-532728;1015786;0.4194;0.0644;0.0313;0.8387
-445611;1016044;0.3810;0.2174;0.0313;0.7620
-535177;1016227;0.4241;0.0601;0.0313;0.8482
-478665;1016469;0.3892;0.1593;0.0313;0.7784
-479999;1016589;0.3902;0.1570;0.0313;0.7804
-483714;1017268;0.3881;0.1505;0.0314;0.7763
-498470;1017429;0.3928;0.1246;0.0314;0.7857
-442753;1017620;0.3771;0.2224;0.0314;0.7542
-525315;1019245;0.4168;0.0774;0.0314;0.8337
-525061;1019333;0.4141;0.0779;0.0314;0.8282
-516709;1020106;0.4027;0.0925;0.0314;0.8053
-451326;1020311;0.3815;0.2074;0.0315;0.7629
-456093;1020446;0.3806;0.1990;0.0315;0.7612
-477193;1021796;0.3863;0.1619;0.0315;0.7726
-522294;1024069;0.4139;0.0827;0.0316;0.8278
-485149;1024535;0.3885;0.1480;0.0316;0.7770
-499743;1025583;0.3925;0.1223;0.0316;0.7850
-493171;1026087;0.3854;0.1339;0.0316;0.7707
-525346;1026260;0.4153;0.0774;0.0316;0.8306
-529824;1026955;0.4165;0.0695;0.0317;0.8330
-468758;1028445;0.3824;0.1767;0.0317;0.7648
-467419;1028451;0.3817;0.1791;0.0317;0.7633
-497923;1030500;0.3908;0.1255;0.0318;0.7817
-531237;1030541;0.4165;0.0670;0.0318;0.8330
-525377;1032011;0.4095;0.0773;0.0318;0.8189
-462851;1034016;0.3790;0.1871;0.0319;0.7580
-535183;1034306;0.4220;0.0601;0.0319;0.8439
-477890;1034414;0.3828;0.1607;0.0319;0.7657
-515409;1034613;0.3945;0.0948;0.0319;0.7890
-522810;1035440;0.4053;0.0818;0.0319;0.8105
-478114;1035634;0.3815;0.1603;0.0319;0.7629
-499894;1035951;0.3935;0.1221;0.0319;0.7869
-499059;1038037;0.3902;0.1235;0.0320;0.7804
-535525;1038188;0.4342;0.0595;0.0320;0.8684
-508322;1038338;0.3930;0.1073;0.0320;0.7860
-467444;1038513;0.3799;0.1790;0.0320;0.7598
-455395;1039403;0.3778;0.2002;0.0320;0.7557
-515419;1040442;0.4026;0.0948;0.0321;0.8052
-502717;1041008;0.3901;0.1171;0.0321;0.7802
-484648;1042111;0.3820;0.1488;0.0321;0.7640
-516797;1042222;0.3971;0.0924;0.0321;0.7942
-533985;1042407;0.4217;0.0622;0.0321;0.8434
-536112;1043014;0.4220;0.0584;0.0322;0.8439
-471561;1044962;0.3808;0.1718;0.0322;0.7616
-532729;1045152;0.4191;0.0644;0.0322;0.8382
-455973;1045580;0.3746;0.1992;0.0322;0.7492
-491236;1046969;0.3831;0.1373;0.0323;0.7663
-472498;1047024;0.3807;0.1702;0.0323;0.7615
-528955;1047324;0.4150;0.0710;0.0323;0.8300
-517009;1047378;0.4027;0.0920;0.0323;0.8053
-475516;1048796;0.3806;0.1649;0.0323;0.7612
-522697;1050648;0.3995;0.0820;0.0324;0.7991
-511439;1053558;0.3896;0.1018;0.0325;0.7793
-429167;1054498;0.3745;0.2463;0.0325;0.7490
-526170;1055125;0.4122;0.0759;0.0325;0.8245
-510049;1055763;0.3871;0.1042;0.0325;0.7743
-472293;1055768;0.3793;0.1705;0.0325;0.7587
-472851;1056095;0.3792;0.1696;0.0326;0.7585
-493922;1056707;0.3848;0.1325;0.0326;0.7696
-524406;1057670;0.4028;0.0790;0.0326;0.8055
-533448;1057705;0.4171;0.0631;0.0326;0.8342
-532939;1058108;0.4145;0.0640;0.0326;0.8289
-523467;1058687;0.4027;0.0807;0.0326;0.8055
-464865;1059457;0.3767;0.1836;0.0327;0.7534
-461401;1059515;0.3737;0.1897;0.0327;0.7475
-486364;1059859;0.3830;0.1458;0.0327;0.7661
-536386;1060006;0.4176;0.0580;0.0327;0.8351
-479871;1060772;0.3807;0.1572;0.0327;0.7614
-477004;1061148;0.3792;0.1623;0.0327;0.7583
-487079;1063469;0.3825;0.1446;0.0328;0.7651
-527522;1065563;0.4099;0.0735;0.0329;0.8198
-528240;1065566;0.4051;0.0723;0.0329;0.8102
-435853;1066162;0.3737;0.2345;0.0329;0.7474
-499328;1068085;0.3847;0.1231;0.0329;0.7695
-469419;1069890;0.3716;0.1756;0.0330;0.7432
-529932;1069938;0.4103;0.0693;0.0330;0.8207
-528376;1069993;0.4099;0.0720;0.0330;0.8198
-459810;1070372;0.3706;0.1925;0.0330;0.7412
-495298;1072885;0.3844;0.1301;0.0331;0.7687
-537151;1073150;0.4282;0.0566;0.0331;0.8565
-525526;1073376;0.4047;0.0770;0.0331;0.8094
-486629;1073405;0.3784;0.1454;0.0331;0.7567
-497357;1074586;0.3825;0.1265;0.0331;0.7651
-518227;1074823;0.3976;0.0899;0.0331;0.7952
-494299;1075108;0.3812;0.1319;0.0331;0.7624
-537863;1075574;0.4263;0.0554;0.0332;0.8526
-455929;1076022;0.3609;0.1993;0.0332;0.7218
-485809;1076098;0.3761;0.1468;0.0332;0.7523
-512965;1078979;0.3924;0.0991;0.0333;0.7847
-500145;1079099;0.3769;0.1216;0.0333;0.7538
-536410;1079984;0.4260;0.0579;0.0333;0.8519
-517688;1080667;0.3893;0.0908;0.0333;0.7786
-516807;1080825;0.3865;0.0924;0.0333;0.7730
-534134;1081005;0.4128;0.0619;0.0333;0.8257
-536727;1081761;0.4153;0.0574;0.0334;0.8306
-526080;1082394;0.4001;0.0761;0.0334;0.8002
-529031;1083024;0.4078;0.0709;0.0334;0.8157
-529287;1083042;0.4002;0.0704;0.0334;0.8004
-471173;1083357;0.3730;0.1725;0.0334;0.7460
-477255;1083884;0.3740;0.1618;0.0334;0.7481
-501071;1083937;0.3820;0.1200;0.0334;0.7640
-518422;1086219;0.3950;0.0895;0.0335;0.7901
-537308;1087514;0.4153;0.0563;0.0335;0.8306
-459942;1087690;0.3694;0.1922;0.0335;0.7388
-485280;1087700;0.3752;0.1477;0.0335;0.7505
-461589;1088223;0.3680;0.1893;0.0335;0.7359
-524808;1088338;0.3958;0.0783;0.0336;0.7915
-433114;1088518;0.3565;0.2393;0.0336;0.7131
-525079;1089607;0.4001;0.0778;0.0336;0.8002
-506086;1090732;0.3844;0.1112;0.0336;0.7688
-463677;1091253;0.3708;0.1857;0.0336;0.7415
-522919;1092712;0.3950;0.0816;0.0337;0.7900
-538087;1094272;0.4242;0.0550;0.0337;0.8484
-501031;1095325;0.3762;0.1201;0.0338;0.7524
-472630;1095611;0.3727;0.1699;0.0338;0.7453
-530633;1095844;0.4005;0.0681;0.0338;0.8010
-477559;1096582;0.3701;0.1613;0.0338;0.7401
-524095;1096859;0.3918;0.0796;0.0338;0.7835
-527749;1096912;0.3997;0.0731;0.0338;0.7994
-524602;1097122;0.3918;0.0787;0.0338;0.7835
-524985;1097470;0.3977;0.0780;0.0338;0.7955
-484170;1097774;0.3701;0.1497;0.0338;0.7403
-462001;1098510;0.3643;0.1886;0.0339;0.7285
-534756;1100952;0.4081;0.0608;0.0339;0.8163
-534824;1101257;0.4101;0.0607;0.0340;0.8201
-467854;1101970;0.3660;0.1783;0.0340;0.7321
-509410;1102836;0.3782;0.1053;0.0340;0.7564
-497570;1102903;0.3738;0.1261;0.0340;0.7475
-525566;1103223;0.3977;0.0770;0.0340;0.7955
-456742;1104037;0.3576;0.1978;0.0340;0.7153
-473978;1104434;0.3700;0.1676;0.0340;0.7399
-474324;1105800;0.3684;0.1670;0.0341;0.7369
-494071;1106438;0.3709;0.1323;0.0341;0.7418
-537930;1107461;0.4107;0.0553;0.0341;0.8214
-435693;1109617;0.3526;0.2348;0.0342;0.7052
-519517;1110102;0.3899;0.0876;0.0342;0.7798
-496752;1110625;0.3737;0.1276;0.0342;0.7473
-535189;1110919;0.4098;0.0601;0.0342;0.8196
-478685;1111117;0.3680;0.1593;0.0343;0.7361
-468256;1112669;0.3628;0.1776;0.0343;0.7255
-502308;1112752;0.3762;0.1178;0.0343;0.7524
-470220;1113536;0.3670;0.1742;0.0343;0.7341
-538243;1114300;0.4130;0.0547;0.0344;0.8260
-456523;1115427;0.3567;0.1982;0.0344;0.7135
-431078;1115802;0.3468;0.2429;0.0344;0.6936
-436351;1116211;0.3526;0.2337;0.0344;0.7052
-449301;1117284;0.3560;0.2109;0.0344;0.7121
-479461;1117883;0.3671;0.1579;0.0345;0.7343
-484445;1118116;0.3670;0.1492;0.0345;0.7339
-537167;1118845;0.4103;0.0566;0.0345;0.8205
-519485;1119801;0.3809;0.0876;0.0345;0.7618
-470588;1120503;0.3637;0.1735;0.0345;0.7273
-529038;1121697;0.3996;0.0709;0.0346;0.7991
-505386;1123820;0.3761;0.1124;0.0346;0.7521
-476441;1123963;0.3651;0.1632;0.0347;0.7303
-459700;1124492;0.3550;0.1926;0.0347;0.7100
-492672;1124540;0.3684;0.1347;0.0347;0.7367
-495697;1124736;0.3678;0.1294;0.0347;0.7357
-429188;1125456;0.3424;0.2462;0.0347;0.6848
-532192;1125699;0.4052;0.0653;0.0347;0.8103
-449943;1125727;0.3519;0.2098;0.0347;0.7037
-534527;1126969;0.3947;0.0612;0.0347;0.7895
-463903;1127003;0.3572;0.1853;0.0347;0.7143
-488724;1127298;0.3672;0.1417;0.0348;0.7343
-444208;1127580;0.3451;0.2199;0.0348;0.6901
-523272;1128015;0.3835;0.0810;0.0348;0.7669
-480090;1129053;0.3648;0.1568;0.0348;0.7297
-517609;1129252;0.3779;0.0909;0.0348;0.7558
-438770;1130831;0.3421;0.2294;0.0349;0.6843
-536346;1131465;0.4050;0.0580;0.0349;0.8100
-526369;1131952;0.3924;0.0756;0.0349;0.7847
-538523;1132529;0.4221;0.0542;0.0349;0.8441
-500839;1132874;0.3672;0.1204;0.0349;0.7344
-513998;1133756;0.3754;0.0973;0.0350;0.7509
-486848;1136750;0.3639;0.1450;0.0350;0.7279
-471800;1137050;0.3617;0.1714;0.0351;0.7233
-524764;1137124;0.3891;0.0784;0.0351;0.7781
-538972;1137412;0.4197;0.0534;0.0351;0.8393
-539480;1138411;0.4131;0.0525;0.0351;0.8262
-473919;1138493;0.3630;0.1677;0.0351;0.7261
-464332;1138734;0.3531;0.1845;0.0351;0.7062
-501306;1140150;0.3708;0.1196;0.0352;0.7415
-530301;1140679;0.3925;0.0687;0.0352;0.7850
-523721;1141414;0.3863;0.0802;0.0352;0.7725
-540484;1141635;0.4178;0.0508;0.0352;0.8355
-470739;1142568;0.3609;0.1733;0.0352;0.7219
-512122;1143207;0.3724;0.1006;0.0352;0.7447
-522027;1144253;0.3810;0.0832;0.0353;0.7620
-531485;1144723;0.3892;0.0666;0.0353;0.7784
-525822;1145959;0.3836;0.0765;0.0353;0.7672
-460127;1146345;0.3516;0.1919;0.0353;0.7032
-445528;1147246;0.3415;0.2175;0.0354;0.6830
-539656;1148263;0.4153;0.0522;0.0354;0.8306
-537110;1148533;0.4026;0.0567;0.0354;0.8051
-518361;1151419;0.3779;0.0896;0.0355;0.7558
-447203;1151464;0.3482;0.2146;0.0355;0.6964
-464640;1152400;0.3564;0.1840;0.0355;0.7129
-478558;1152965;0.3607;0.1595;0.0355;0.7215
-538754;1153938;0.4129;0.0538;0.0356;0.8258
-449591;1154087;0.3472;0.2104;0.0356;0.6943
-540959;1154349;0.4108;0.0499;0.0356;0.8216
-533127;1154598;0.3925;0.0637;0.0356;0.7850
-456634;1155790;0.3500;0.1980;0.0356;0.7000
-485555;1156131;0.3607;0.1472;0.0356;0.7213
-497721;1156151;0.3647;0.1259;0.0356;0.7294
-537549;1156774;0.4001;0.0559;0.0357;0.8001
-492089;1156822;0.3630;0.1358;0.0357;0.7261
-472525;1157128;0.3587;0.1701;0.0357;0.7174
-516388;1159302;0.3750;0.0931;0.0357;0.7499
-465795;1160072;0.3574;0.1819;0.0358;0.7149
-489885;1161285;0.3608;0.1396;0.0358;0.7215
-537559;1161553;0.4080;0.0559;0.0358;0.8161
-493606;1161811;0.3631;0.1331;0.0358;0.7263
-499260;1162987;0.3612;0.1232;0.0359;0.7223
-522647;1163463;0.3813;0.0821;0.0359;0.7625
-519337;1167853;0.3792;0.0879;0.0360;0.7584
-486133;1168591;0.3586;0.1462;0.0360;0.7173
-539680;1169236;0.4105;0.0522;0.0360;0.8210
-506646;1169249;0.3638;0.1102;0.0360;0.7275
-532337;1169492;0.3865;0.0651;0.0361;0.7730
-469096;1169558;0.3552;0.1761;0.0361;0.7103
-426869;1169607;0.3377;0.2503;0.0361;0.6754
-460582;1170333;0.3477;0.1911;0.0361;0.6955
-488009;1170737;0.3574;0.1429;0.0361;0.7148
-467984;1170859;0.3538;0.1781;0.0361;0.7076
-541727;1170869;0.4131;0.0486;0.0361;0.8262
-519603;1171662;0.3757;0.0874;0.0361;0.7515
-538313;1173842;0.3975;0.0546;0.0362;0.7950
-518609;1174212;0.3725;0.0892;0.0362;0.7450
-533843;1175000;0.3902;0.0624;0.0362;0.7803
-512946;1175449;0.3665;0.0991;0.0362;0.7331
-506762;1175808;0.3635;0.1100;0.0362;0.7270
-442179;1176164;0.3354;0.2234;0.0363;0.6708
-449906;1176872;0.3375;0.2098;0.0363;0.6750
-535553;1177525;0.3952;0.0594;0.0363;0.7905
-522871;1177981;0.3784;0.0817;0.0363;0.7568
-539354;1179361;0.4083;0.0528;0.0364;0.8166
-526930;1180491;0.3815;0.0746;0.0364;0.7630
-541334;1180776;0.4107;0.0493;0.0364;0.8213
-535545;1181200;0.3930;0.0594;0.0364;0.7860
-469909;1181302;0.3518;0.1747;0.0364;0.7036
-500254;1181843;0.3624;0.1214;0.0364;0.7248
-536393;1182360;0.3921;0.0580;0.0365;0.7842
-532121;1182373;0.3843;0.0655;0.0365;0.7686
-468828;1182576;0.3512;0.1766;0.0365;0.7024
-476073;1185041;0.3574;0.1639;0.0365;0.7147
-475854;1185473;0.3542;0.1643;0.0365;0.7085
-513404;1185579;0.3631;0.0983;0.0366;0.7262
-470702;1187422;0.3538;0.1733;0.0366;0.7075
-482851;1188640;0.3541;0.1520;0.0366;0.7082
-476667;1188999;0.3509;0.1628;0.0367;0.7017
-507459;1189404;0.3606;0.1088;0.0367;0.7213
-501275;1189763;0.3575;0.1196;0.0367;0.7150
-539939;1190540;0.4083;0.0517;0.0367;0.8166
-468411;1192712;0.3504;0.1773;0.0368;0.7008
-533155;1192767;0.3875;0.0636;0.0368;0.7750
-468613;1192905;0.3469;0.1770;0.0368;0.6939
-538935;1193271;0.3923;0.0535;0.0368;0.7845
-539032;1194507;0.3923;0.0533;0.0368;0.7845
-461267;1194900;0.3451;0.1899;0.0368;0.6902
-521615;1194967;0.3759;0.0839;0.0368;0.7518
-494767;1195798;0.3566;0.1311;0.0369;0.7131
-540851;1195998;0.4056;0.0501;0.0369;0.8112
-540332;1196982;0.4032;0.0510;0.0369;0.8065
-535769;1199898;0.3903;0.0591;0.0370;0.7806
-524705;1200144;0.3787;0.0785;0.0370;0.7573
-533665;1201011;0.3867;0.0627;0.0370;0.7733
-501938;1201963;0.3546;0.1185;0.0371;0.7092
-486885;1202355;0.3540;0.1449;0.0371;0.7080
-528458;1203106;0.3815;0.0719;0.0371;0.7631
-489363;1203185;0.3538;0.1406;0.0371;0.7075
-519394;1204074;0.3726;0.0878;0.0371;0.7452
-480351;1204079;0.3512;0.1564;0.0371;0.7023
-541272;1204535;0.4031;0.0494;0.0371;0.8063
-529224;1205698;0.3785;0.0705;0.0372;0.7570
-521760;1205956;0.3758;0.0837;0.0372;0.7517
-542654;1206182;0.4058;0.0470;0.0372;0.8116
-462252;1207750;0.3441;0.1882;0.0372;0.6883
-519810;1208478;0.3757;0.0871;0.0373;0.7514
-515946;1210031;0.3632;0.0939;0.0373;0.7265
-541382;1211095;0.4032;0.0492;0.0373;0.8065
-533379;1211465;0.3847;0.0632;0.0373;0.7694
-484350;1211634;0.3461;0.1494;0.0374;0.6922
-477138;1212369;0.3438;0.1620;0.0374;0.6875
-521208;1212419;0.3703;0.0846;0.0374;0.7406
-523160;1212447;0.3758;0.0812;0.0374;0.7516
-541147;1213549;0.4007;0.0496;0.0374;0.8013
-486872;1214987;0.3528;0.1449;0.0375;0.7055
-522207;1217247;0.3757;0.0829;0.0375;0.7515
-542122;1218165;0.4006;0.0479;0.0376;0.8013
-534082;1219137;0.3892;0.0620;0.0376;0.7784
-457043;1220739;0.3329;0.1973;0.0376;0.6658
-506335;1221022;0.3573;0.1107;0.0376;0.7146
-522779;1221395;0.3757;0.0819;0.0377;0.7514
-512749;1221789;0.3606;0.0995;0.0377;0.7211
-531463;1222790;0.3788;0.0666;0.0377;0.7575
-525126;1222904;0.3665;0.0777;0.0377;0.7329
-535005;1223315;0.3872;0.0604;0.0377;0.7744
-525947;1223759;0.3695;0.0763;0.0377;0.7391
-437168;1224316;0.3283;0.2322;0.0377;0.6567
-457736;1224880;0.3299;0.1961;0.0378;0.6598
-464369;1225914;0.3407;0.1844;0.0378;0.6813
-539537;1226571;0.3955;0.0524;0.0378;0.7911
-542543;1226702;0.3981;0.0472;0.0378;0.7962
-532755;1227695;0.3845;0.0643;0.0378;0.7689
-502633;1228326;0.3534;0.1172;0.0379;0.7067
-470839;1229743;0.3434;0.1731;0.0379;0.6868
-537950;1230965;0.3848;0.0552;0.0380;0.7696
-490998;1233089;0.3453;0.1377;0.0380;0.6906
-533121;1234817;0.3789;0.0637;0.0381;0.7578
-462373;1235751;0.3398;0.1880;0.0381;0.6795
-495531;1235779;0.3532;0.1297;0.0381;0.7065
-528959;1236001;0.3784;0.0710;0.0381;0.7567
-540018;1237512;0.3954;0.0516;0.0382;0.7909
-540055;1237517;0.3903;0.0515;0.0382;0.7805
-463393;1239041;0.3327;0.1862;0.0382;0.6653
-481655;1239563;0.3365;0.1541;0.0382;0.6730
-531327;1239606;0.3787;0.0669;0.0382;0.7575
-488083;1240323;0.3417;0.1428;0.0382;0.6833
-451342;1240693;0.3258;0.2073;0.0382;0.6515
-534157;1241567;0.3844;0.0619;0.0383;0.7687
-534688;1242145;0.3757;0.0609;0.0383;0.7514
-538840;1243891;0.3902;0.0537;0.0383;0.7804
-519507;1244435;0.3601;0.0876;0.0384;0.7203
-538902;1246272;0.3902;0.0535;0.0384;0.7804
-508001;1250755;0.3573;0.1078;0.0386;0.7146
-425267;1251502;0.3226;0.2531;0.0386;0.6453
-498745;1252434;0.3517;0.1241;0.0386;0.7034
-492551;1252815;0.3454;0.1350;0.0386;0.6908
-530876;1252991;0.3729;0.0676;0.0386;0.7458
-542710;1253104;0.4060;0.0469;0.0386;0.8120
-508115;1254000;0.3580;0.1076;0.0387;0.7160
-544205;1254609;0.3957;0.0442;0.0387;0.7914
-481722;1255168;0.3388;0.1540;0.0387;0.6776
-509484;1255911;0.3581;0.1052;0.0387;0.7162
-511401;1256100;0.3590;0.1018;0.0387;0.7180
-541461;1256690;0.3874;0.0491;0.0387;0.7749
-540892;1257395;0.3873;0.0501;0.0388;0.7747
-534194;1257901;0.3695;0.0618;0.0388;0.7391
-522974;1258500;0.3623;0.0815;0.0388;0.7246
-527770;1258562;0.3663;0.0731;0.0388;0.7327
-515678;1258894;0.3601;0.0943;0.0388;0.7203
-458126;1258949;0.3269;0.1954;0.0388;0.6538
-535300;1260069;0.3816;0.0599;0.0388;0.7631
-542780;1261937;0.3956;0.0467;0.0389;0.7912
-506938;1262271;0.3539;0.1097;0.0389;0.7078
-503818;1263283;0.3521;0.1152;0.0389;0.7042
-493381;1263400;0.3382;0.1335;0.0389;0.6764
-528126;1264771;0.3632;0.0725;0.0390;0.7264
-514945;1265906;0.3573;0.0956;0.0390;0.7146
-502093;1265967;0.3516;0.1182;0.0390;0.7032
-451497;1266320;0.3225;0.2071;0.0390;0.6450
-507875;1266641;0.3485;0.1080;0.0390;0.6970
-509421;1266745;0.3547;0.1053;0.0391;0.7094
-464919;1268993;0.3327;0.1835;0.0391;0.6653
-536152;1270152;0.3790;0.0584;0.0392;0.7580
-536316;1272224;0.3846;0.0581;0.0392;0.7691
-475018;1273203;0.3352;0.1657;0.0393;0.6705
-509087;1273619;0.3506;0.1059;0.0393;0.7012
-536365;1274099;0.3817;0.0580;0.0393;0.7634
-516785;1276497;0.3557;0.0924;0.0394;0.7113
-450868;1277342;0.3223;0.2082;0.0394;0.6445
-536405;1277407;0.3788;0.0579;0.0394;0.7575
-542097;1278206;0.3956;0.0479;0.0394;0.7912
-496709;1278378;0.3479;0.1277;0.0394;0.6958
-468094;1278965;0.3304;0.1779;0.0394;0.6609
-541690;1280865;0.3845;0.0487;0.0395;0.7691
-543539;1280923;0.3929;0.0454;0.0395;0.7857
-545140;1281395;0.3931;0.0426;0.0395;0.7861
-471144;1282188;0.3334;0.1725;0.0395;0.6668
-494962;1282485;0.3409;0.1307;0.0395;0.6818
-474564;1282795;0.3333;0.1665;0.0395;0.6667
-543357;1283103;0.3875;0.0457;0.0396;0.7750
-498106;1283704;0.3444;0.1252;0.0396;0.6888
-458848;1285024;0.3303;0.1941;0.0396;0.6605
-521482;1285305;0.3569;0.0841;0.0396;0.7137
-532030;1285874;0.3664;0.0656;0.0396;0.7329
-509984;1288052;0.3536;0.1043;0.0397;0.7073
-509204;1288073;0.3506;0.1057;0.0397;0.7012
-532113;1288795;0.3667;0.0655;0.0397;0.7333
-485338;1289545;0.3288;0.1476;0.0398;0.6576
-502979;1289995;0.3478;0.1166;0.0398;0.6957
-510174;1291124;0.3514;0.1040;0.0398;0.7028
-465156;1291335;0.3281;0.1831;0.0398;0.6562
-543649;1291456;0.3930;0.0452;0.0398;0.7859
-515228;1294611;0.3506;0.0951;0.0399;0.7012
-540238;1294734;0.3818;0.0512;0.0399;0.7636
-503323;1295160;0.3412;0.1160;0.0399;0.6823
-458364;1295820;0.3227;0.1950;0.0399;0.6454
-536489;1296580;0.3727;0.0578;0.0400;0.7454
-523285;1297585;0.3607;0.0810;0.0400;0.7214
-503537;1299106;0.3451;0.1157;0.0401;0.6903
-542182;1299740;0.3788;0.0478;0.0401;0.7576
-510279;1299784;0.3482;0.1038;0.0401;0.6964
-485740;1300244;0.3247;0.1469;0.0401;0.6495
-517969;1300419;0.3560;0.0903;0.0401;0.7121
-525279;1300724;0.3603;0.0775;0.0401;0.7206
-439596;1300890;0.3168;0.2280;0.0401;0.6335
-525558;1301031;0.3630;0.0770;0.0401;0.7260
-504652;1301099;0.3463;0.1137;0.0401;0.6927
-534491;1302197;0.3721;0.0613;0.0401;0.7443
-542192;1302957;0.3813;0.0478;0.0402;0.7625
-535612;1303897;0.3726;0.0593;0.0402;0.7453
-504920;1304080;0.3452;0.1132;0.0402;0.6904
-521981;1304558;0.3571;0.0833;0.0402;0.7143
-497609;1305120;0.3390;0.1261;0.0402;0.6780
-509977;1306801;0.3479;0.1043;0.0403;0.6958
-436815;1306817;0.3165;0.2328;0.0403;0.6331
-535531;1307335;0.3700;0.0595;0.0403;0.7400
-501602;1308022;0.3374;0.1191;0.0403;0.6748
-545332;1309926;0.3905;0.0423;0.0404;0.7810
-524772;1310626;0.3569;0.0784;0.0404;0.7137
-491541;1311990;0.3324;0.1367;0.0404;0.6649
-538405;1312205;0.3788;0.0544;0.0405;0.7576
-509737;1312641;0.3471;0.1048;0.0405;0.6943
-520759;1312658;0.3537;0.0854;0.0405;0.7075
-540884;1312711;0.3759;0.0501;0.0405;0.7517
-461888;1313509;0.3225;0.1888;0.0405;0.6450
-518123;1313670;0.3507;0.0900;0.0405;0.7013
-543427;1316959;0.3904;0.0456;0.0406;0.7808
-531764;1317275;0.3633;0.0661;0.0406;0.7267
-543943;1317912;0.3818;0.0447;0.0406;0.7637
-538316;1317935;0.3722;0.0546;0.0406;0.7444
-509971;1318098;0.3408;0.1044;0.0406;0.6816
-458053;1318462;0.3168;0.1955;0.0406;0.6337
-475157;1318720;0.3244;0.1655;0.0407;0.6488
-511554;1319808;0.3506;0.1016;0.0407;0.7011
-453273;1320498;0.3128;0.2039;0.0407;0.6255
-537694;1320578;0.3632;0.0557;0.0407;0.7265
-510593;1320722;0.3504;0.1033;0.0407;0.7007
-526512;1323238;0.3566;0.0753;0.0408;0.7131
-544436;1323375;0.3904;0.0438;0.0408;0.7807
-545792;1323552;0.3983;0.0414;0.0408;0.7965
-511358;1326675;0.3475;0.1019;0.0409;0.6950
-535075;1327398;0.3602;0.0603;0.0409;0.7204
-528739;1327472;0.3570;0.0714;0.0409;0.7139
-532762;1327527;0.3599;0.0643;0.0409;0.7198
-512221;1328841;0.3503;0.1004;0.0410;0.7005
-512427;1329313;0.3472;0.1000;0.0410;0.6944
-545084;1331314;0.3847;0.0427;0.0410;0.7693
-513225;1332094;0.3468;0.0986;0.0411;0.6936
-541837;1334246;0.3728;0.0484;0.0411;0.7455
-546669;1334547;0.3820;0.0399;0.0411;0.7640
-542839;1334910;0.3751;0.0466;0.0412;0.7502
-501825;1335902;0.3408;0.1187;0.0412;0.6815
-488570;1336015;0.3241;0.1419;0.0412;0.6481
-529419;1336819;0.3566;0.0702;0.0412;0.7131
-492036;1336861;0.3352;0.1359;0.0412;0.6704
-512570;1337276;0.3467;0.0998;0.0412;0.6933
-526868;1337657;0.3535;0.0747;0.0412;0.7069
-518022;1337762;0.3475;0.0902;0.0412;0.6950
-510202;1338715;0.3404;0.1040;0.0413;0.6808
-493033;1339168;0.3355;0.1341;0.0413;0.6710
-501847;1339806;0.3379;0.1186;0.0413;0.6758
-544420;1339879;0.3702;0.0439;0.0413;0.7403
-479569;1340005;0.3238;0.1578;0.0413;0.6476
-512309;1341087;0.3441;0.1003;0.0413;0.6882
-511544;1341174;0.3408;0.1016;0.0413;0.6816
-468646;1344433;0.3186;0.1769;0.0414;0.6371
-520478;1344810;0.3502;0.0859;0.0415;0.7003
-515056;1346513;0.3402;0.0954;0.0415;0.6803
-504492;1346610;0.3341;0.1140;0.0415;0.6683
-538072;1347516;0.3697;0.0550;0.0415;0.7395
-546673;1349161;0.3878;0.0399;0.0416;0.7756
-522796;1349507;0.3433;0.0818;0.0416;0.6866
-545468;1350836;0.3819;0.0420;0.0416;0.7638
-512640;1351622;0.3375;0.0997;0.0417;0.6749
-440714;1352680;0.3075;0.2260;0.0417;0.6149
-493335;1352698;0.3335;0.1336;0.0417;0.6670
-508605;1353158;0.3371;0.1068;0.0417;0.6743
-523090;1354702;0.3503;0.0813;0.0418;0.7007
-526219;1355586;0.3503;0.0758;0.0418;0.7005
-502915;1355949;0.3301;0.1168;0.0418;0.6603
-545033;1356781;0.3754;0.0428;0.0418;0.7508
-526015;1357011;0.3468;0.0762;0.0418;0.6936
-460673;1357022;0.3077;0.1909;0.0418;0.6154
-493414;1357326;0.3300;0.1334;0.0418;0.6599
-505269;1357982;0.3371;0.1126;0.0419;0.6742
-538336;1358349;0.3665;0.0545;0.0419;0.7330
-536282;1359424;0.3601;0.0581;0.0419;0.7201
-540602;1359784;0.3699;0.0506;0.0419;0.7398
-545175;1360326;0.3782;0.0425;0.0419;0.7564
-530170;1360957;0.3571;0.0689;0.0420;0.7141
-538526;1363012;0.3697;0.0542;0.0420;0.7395
-486327;1363836;0.3229;0.1459;0.0420;0.6459
-467075;1364040;0.3173;0.1797;0.0421;0.6345
-526296;1364435;0.3468;0.0757;0.0421;0.6936
-486327;1365895;0.3227;0.1459;0.0421;0.6454
-530497;1366526;0.3569;0.0683;0.0421;0.7137
-545355;1366666;0.3671;0.0422;0.0421;0.7341
-518730;1367540;0.3400;0.0890;0.0422;0.6800
-541651;1369037;0.3668;0.0487;0.0422;0.7336
-529643;1369940;0.3532;0.0698;0.0422;0.7064
-533626;1370076;0.3535;0.0628;0.0422;0.7070
-507360;1370619;0.3366;0.1089;0.0423;0.6731
-493547;1371401;0.3281;0.1332;0.0423;0.6562
-541854;1371907;0.3602;0.0484;0.0423;0.7203
-512796;1371931;0.3335;0.0994;0.0423;0.6669
-531685;1372770;0.3470;0.0662;0.0423;0.6941
-447472;1374053;0.3066;0.2141;0.0424;0.6132
-521457;1375140;0.3372;0.0842;0.0424;0.6744
-537185;1375611;0.3601;0.0566;0.0424;0.7201
-545270;1376304;0.3667;0.0424;0.0424;0.7334
-489333;1376622;0.3281;0.1406;0.0424;0.6561
-546227;1379094;0.3760;0.0407;0.0425;0.7520
-532773;1379657;0.3466;0.0643;0.0425;0.6932
-524185;1381001;0.3438;0.0794;0.0426;0.6875
-514500;1381696;0.3334;0.0964;0.0426;0.6669
-472499;1381978;0.3194;0.1702;0.0426;0.6387
-526906;1382085;0.3396;0.0746;0.0426;0.6793
-496655;1382706;0.3144;0.1277;0.0426;0.6289
-511026;1383101;0.3317;0.1025;0.0426;0.6634
-546065;1383177;0.3730;0.0410;0.0426;0.7459
-506300;1383304;0.3271;0.1108;0.0426;0.6543
-537537;1386148;0.3538;0.0559;0.0427;0.7075
-547113;1386664;0.3671;0.0391;0.0428;0.7341
-513373;1387140;0.3258;0.0984;0.0428;0.6517
-522121;1388169;0.3360;0.0830;0.0428;0.6719
-532790;1388378;0.3535;0.0643;0.0428;0.7070
-441933;1391875;0.3031;0.2239;0.0429;0.6062
-533362;1395713;0.3433;0.0633;0.0430;0.6866
-539231;1396053;0.3572;0.0530;0.0430;0.7143
-473410;1396919;0.3108;0.1686;0.0431;0.6217
-537760;1397270;0.3534;0.0556;0.0431;0.7067
-547559;1399172;0.3848;0.0383;0.0431;0.7697
-496777;1399594;0.3187;0.1275;0.0431;0.6374
-540640;1401308;0.3571;0.0505;0.0432;0.7141
-541728;1404212;0.3539;0.0486;0.0433;0.7078
-501402;1404941;0.3200;0.1194;0.0433;0.6400
-521269;1405089;0.3323;0.0845;0.0433;0.6647
-532969;1405620;0.3396;0.0640;0.0433;0.6792
-498289;1406997;0.3186;0.1249;0.0434;0.6373
-454181;1407373;0.3047;0.2023;0.0434;0.6094
-547609;1407457;0.3791;0.0383;0.0434;0.7582
-533944;1410404;0.3504;0.0623;0.0435;0.7008
-546290;1412728;0.3637;0.0406;0.0436;0.7274
-482721;1412753;0.3135;0.1522;0.0436;0.6270
-533952;1413378;0.3433;0.0622;0.0436;0.6865
-522728;1414157;0.3291;0.0820;0.0436;0.6583
-448390;1414212;0.3022;0.2125;0.0436;0.6044
-506597;1414466;0.3177;0.1103;0.0436;0.6354
-547883;1416446;0.3762;0.0378;0.0437;0.7523
-541361;1417579;0.3469;0.0492;0.0437;0.6938
-527448;1418778;0.3321;0.0737;0.0437;0.6642
-535494;1420007;0.3399;0.0595;0.0438;0.6798
-548127;1424652;0.3820;0.0373;0.0439;0.7640
-542558;1425094;0.3637;0.0471;0.0439;0.7274
-540215;1425124;0.3469;0.0512;0.0439;0.6937
-534552;1426361;0.3397;0.0612;0.0440;0.6793
-489303;1427997;0.3124;0.1407;0.0440;0.6247
-505344;1429894;0.3163;0.1125;0.0441;0.6325
-528618;1430752;0.3331;0.0716;0.0441;0.6662
-475959;1431210;0.3025;0.1641;0.0441;0.6050
-529973;1433165;0.3326;0.0692;0.0442;0.6652
-548548;1433189;0.3791;0.0366;0.0442;0.7582
-461906;1433647;0.3004;0.1888;0.0442;0.6008
-513982;1434494;0.3291;0.0973;0.0442;0.6582
-454994;1435388;0.3003;0.2009;0.0443;0.6005
-534172;1436151;0.3321;0.0619;0.0443;0.6643
-547750;1436461;0.3606;0.0380;0.0443;0.7213
-507926;1436686;0.3226;0.1080;0.0443;0.6452
-508829;1436838;0.3226;0.1064;0.0443;0.6452
-541844;1436874;0.3572;0.0484;0.0443;0.7145
-541536;1437674;0.3433;0.0489;0.0443;0.6867
-515321;1438195;0.3289;0.0950;0.0443;0.6577
-542083;1438240;0.3518;0.0480;0.0443;0.7036
-449038;1439517;0.2977;0.2114;0.0444;0.5954
-546423;1440447;0.3604;0.0403;0.0444;0.7209
-512947;1442037;0.3249;0.0991;0.0445;0.6499
-513502;1442217;0.3257;0.0982;0.0445;0.6514
-548891;1442406;0.3791;0.0360;0.0445;0.7582
-548137;1442630;0.3574;0.0373;0.0445;0.7147
-455859;1443793;0.2971;0.1994;0.0445;0.5941
-490787;1444669;0.3081;0.1381;0.0445;0.6162
-542424;1446269;0.3569;0.0474;0.0446;0.7139
-482212;1447746;0.3058;0.1531;0.0446;0.6116
-513724;1447792;0.3259;0.0978;0.0446;0.6518
-471104;1448695;0.3018;0.1726;0.0447;0.6037
-515172;1448869;0.3256;0.0952;0.0447;0.6513
-497908;1449095;0.3145;0.1255;0.0447;0.6289
-528651;1449309;0.3243;0.0716;0.0447;0.6486
-548728;1450814;0.3638;0.0363;0.0447;0.7276
-548925;1451022;0.3791;0.0359;0.0447;0.7582
-507370;1452623;0.3140;0.1089;0.0448;0.6281
-485300;1453308;0.3005;0.1477;0.0448;0.6010
-499965;1460445;0.3103;0.1219;0.0450;0.6205
-537106;1460527;0.3398;0.0567;0.0450;0.6795
-514880;1461290;0.3221;0.0957;0.0451;0.6442
-512624;1463361;0.3216;0.0997;0.0451;0.6431
-471320;1463646;0.2993;0.1722;0.0451;0.5986
-491747;1465108;0.3037;0.1364;0.0452;0.6075
-508939;1465152;0.3185;0.1062;0.0452;0.6370
-545197;1466509;0.3569;0.0425;0.0452;0.7139
-514648;1467685;0.3221;0.0961;0.0452;0.6441
-507705;1468457;0.3185;0.1083;0.0453;0.6370
-470816;1468758;0.2947;0.1731;0.0453;0.5893
-543413;1469029;0.3481;0.0456;0.0453;0.6962
-528826;1469404;0.3203;0.0712;0.0453;0.6406
-501699;1470330;0.3101;0.1189;0.0453;0.6202
-535785;1471603;0.3360;0.0590;0.0454;0.6719
-496520;1471695;0.3074;0.1280;0.0454;0.6149
-497639;1472970;0.3093;0.1260;0.0454;0.6186
-516208;1475472;0.3094;0.0934;0.0455;0.6189
-542559;1476078;0.3397;0.0471;0.0455;0.6794
-450257;1478711;0.2931;0.2092;0.0456;0.5862
-547677;1483387;0.3506;0.0381;0.0457;0.7011
-549946;1484032;0.3701;0.0342;0.0458;0.7402
-540536;1485678;0.3320;0.0507;0.0458;0.6640
-514813;1487032;0.3094;0.0959;0.0458;0.6188
-547845;1487847;0.3470;0.0378;0.0459;0.6940
-548952;1488819;0.3606;0.0359;0.0459;0.7211
-545477;1491452;0.3469;0.0420;0.0460;0.6939
-549989;1492051;0.3669;0.0341;0.0460;0.7338
-508452;1493036;0.3053;0.1070;0.0460;0.6106
-535370;1494650;0.3244;0.0598;0.0461;0.6488
-522841;1495139;0.3168;0.0818;0.0461;0.6335
-497332;1495317;0.3027;0.1266;0.0461;0.6054
-542783;1498075;0.3360;0.0467;0.0462;0.6720
-484510;1502713;0.2987;0.1491;0.0463;0.5973
-476890;1504484;0.2980;0.1625;0.0464;0.5961
-550062;1504533;0.3598;0.0339;0.0464;0.7197
-487007;1504693;0.2959;0.1447;0.0464;0.5919
-548587;1504749;0.3470;0.0365;0.0464;0.6940
-549977;1505068;0.3573;0.0341;0.0464;0.7145
-497315;1505453;0.2938;0.1266;0.0464;0.5875
-498816;1506459;0.2986;0.1239;0.0464;0.5971
-536658;1507440;0.3319;0.0575;0.0465;0.6639
-540945;1509650;0.3322;0.0500;0.0465;0.6644
-549616;1512368;0.3573;0.0347;0.0466;0.7145
-519917;1516021;0.3163;0.0869;0.0467;0.6325
-544242;1519989;0.3448;0.0442;0.0469;0.6896
-517328;1520020;0.3003;0.0914;0.0469;0.6005
-517485;1524761;0.3055;0.0912;0.0470;0.6110
-550598;1525781;0.3606;0.0330;0.0470;0.7212
-520831;1526940;0.3163;0.0853;0.0471;0.6325
-548910;1528629;0.3471;0.0360;0.0471;0.6941
-522877;1529235;0.3167;0.0817;0.0471;0.6335
-544001;1530108;0.3412;0.0446;0.0472;0.6825
-551032;1532927;0.3540;0.0322;0.0473;0.7080
-527269;1533036;0.3161;0.0740;0.0473;0.6322
-550031;1533806;0.3398;0.0340;0.0473;0.6796
-536380;1534998;0.3244;0.0580;0.0473;0.6488
-491103;1537708;0.2894;0.1375;0.0474;0.5788
-529709;1541943;0.3231;0.0697;0.0475;0.6462
-533223;1542632;0.3203;0.0635;0.0476;0.6406
-541684;1542877;0.3319;0.0487;0.0476;0.6638
-551387;1542893;0.3572;0.0316;0.0476;0.7145
-500610;1544415;0.2936;0.1208;0.0476;0.5872
-457899;1548099;0.2881;0.1958;0.0477;0.5763
-506556;1551611;0.2974;0.1104;0.0478;0.5947
-542531;1552986;0.3359;0.0472;0.0479;0.6717
-497084;1554057;0.2933;0.1270;0.0479;0.5866
-524921;1554371;0.3132;0.0781;0.0479;0.6263
-543749;1554605;0.3330;0.0450;0.0479;0.6660
-550255;1555803;0.3361;0.0336;0.0480;0.6722
-522501;1555941;0.3086;0.0824;0.0480;0.6173
-445592;1556860;0.2814;0.2174;0.0480;0.5629
-530650;1556865;0.3162;0.0680;0.0480;0.6324
-550329;1558164;0.3435;0.0335;0.0480;0.6870
-543413;1562443;0.3322;0.0456;0.0482;0.6644
-544684;1563497;0.3284;0.0434;0.0482;0.6568
-550633;1565630;0.3539;0.0329;0.0483;0.7078
-445998;1568039;0.2814;0.2167;0.0483;0.5629
-551197;1568387;0.3539;0.0320;0.0484;0.7078
-528997;1570991;0.3135;0.0709;0.0484;0.6269
-551273;1571130;0.3503;0.0318;0.0484;0.7005
-549366;1574667;0.3323;0.0352;0.0485;0.6645
-536594;1575124;0.3200;0.0576;0.0486;0.6401
-530836;1575729;0.3119;0.0677;0.0486;0.6239
-552248;1577926;0.3506;0.0301;0.0486;0.7011
-551395;1578763;0.3470;0.0316;0.0487;0.6940
-543362;1579642;0.3204;0.0457;0.0487;0.6408
-552256;1581684;0.3505;0.0301;0.0488;0.7009
-532518;1582536;0.3199;0.0648;0.0488;0.6398
-494597;1582893;0.2858;0.1314;0.0488;0.5715
-552400;1583005;0.3506;0.0298;0.0488;0.7011
-536666;1583354;0.3161;0.0575;0.0488;0.6322
-542620;1583485;0.3204;0.0470;0.0488;0.6407
-518541;1584129;0.3058;0.0893;0.0488;0.6115
-529157;1584412;0.3119;0.0707;0.0488;0.6238
-550493;1584927;0.3395;0.0332;0.0489;0.6790
-459404;1586797;0.2833;0.1932;0.0489;0.5666
-550510;1597956;0.3396;0.0332;0.0493;0.6793
-549970;1598726;0.3284;0.0341;0.0493;0.6568
-523181;1598854;0.3082;0.0812;0.0493;0.6163
-536899;1600437;0.3116;0.0571;0.0493;0.6233
-544946;1601232;0.3283;0.0429;0.0494;0.6566
-523829;1601455;0.3078;0.0800;0.0494;0.6156
-494722;1601918;0.2847;0.1311;0.0494;0.5693
-551351;1603958;0.3361;0.0317;0.0494;0.6722
-500847;1604300;0.2838;0.1204;0.0495;0.5676
-520898;1605535;0.3032;0.0852;0.0495;0.6063
-551463;1608806;0.3482;0.0315;0.0496;0.6965
-525139;1609229;0.3109;0.0777;0.0496;0.6217
-524742;1609555;0.3058;0.0784;0.0496;0.6115
-552566;1610722;0.3503;0.0296;0.0497;0.7007
-504619;1613967;0.2877;0.1138;0.0498;0.5753
-543568;1616941;0.3204;0.0454;0.0498;0.6408
-513561;1617007;0.2956;0.0981;0.0499;0.5911
-552264;1617554;0.3398;0.0301;0.0499;0.6796
-530551;1618652;0.3032;0.0682;0.0499;0.6064
-537519;1618799;0.3190;0.0560;0.0499;0.6380
-454261;1618940;0.2754;0.2022;0.0499;0.5508
-531747;1619238;0.3077;0.0661;0.0499;0.6154
-550384;1621702;0.3320;0.0334;0.0500;0.6639
-537123;1622434;0.3073;0.0567;0.0500;0.6147
-543077;1622564;0.3120;0.0462;0.0500;0.6241
-544028;1625310;0.3244;0.0445;0.0501;0.6488
-507495;1625755;0.2827;0.1087;0.0501;0.5655
-551575;1625955;0.3323;0.0313;0.0501;0.6647
-490747;1631449;0.2792;0.1381;0.0503;0.5584
-543618;1632753;0.3216;0.0453;0.0503;0.6433
-550816;1637101;0.3322;0.0326;0.0505;0.6644
-502005;1637741;0.2793;0.1183;0.0505;0.5585
-497861;1639152;0.2792;0.1256;0.0505;0.5584
-545016;1640756;0.3242;0.0428;0.0506;0.6483
-544840;1643114;0.3204;0.0431;0.0507;0.6408
-516915;1644742;0.2968;0.0922;0.0507;0.5937
-544595;1647235;0.3200;0.0435;0.0508;0.6401
-476318;1648387;0.2757;0.1635;0.0508;0.5515
-544682;1649793;0.3163;0.0434;0.0509;0.6326
-545223;1651779;0.3284;0.0424;0.0509;0.6567
-546426;1659293;0.3221;0.0403;0.0512;0.6442
-552534;1660241;0.3411;0.0296;0.0512;0.6822
-553135;1665125;0.3399;0.0286;0.0513;0.6797
-508307;1666888;0.2778;0.1073;0.0514;0.5555
-537941;1668810;0.3117;0.0552;0.0514;0.6234
-539476;1670313;0.3117;0.0525;0.0515;0.6235
-544173;1670719;0.3120;0.0443;0.0515;0.6241
-551983;1671379;0.3396;0.0306;0.0515;0.6792
-547906;1672497;0.3204;0.0377;0.0516;0.6407
-520369;1673419;0.2904;0.0861;0.0516;0.5807
-528366;1674433;0.2989;0.0721;0.0516;0.5977
-544993;1675477;0.3139;0.0429;0.0517;0.6278
-553037;1676609;0.3362;0.0287;0.0517;0.6724
-528492;1677966;0.3019;0.0718;0.0517;0.6038
-521741;1678847;0.2876;0.0837;0.0518;0.5752
-514301;1680288;0.2818;0.0968;0.0518;0.5637
-551198;1687406;0.3281;0.0320;0.0520;0.6562
-544713;1688447;0.3134;0.0433;0.0521;0.6268
-549155;1688923;0.3204;0.0355;0.0521;0.6407
-538443;1692585;0.3029;0.0544;0.0522;0.6059
-528486;1692994;0.3004;0.0718;0.0522;0.6008
-543655;1696559;0.3077;0.0452;0.0523;0.6154
-515432;1697873;0.2825;0.0948;0.0523;0.5651
-523168;1699366;0.2944;0.0812;0.0524;0.5887
-527833;1704923;0.2914;0.0730;0.0526;0.5828
-551948;1705937;0.3245;0.0306;0.0526;0.6491
-461220;1707237;0.2676;0.1900;0.0526;0.5351
-552115;1708184;0.3361;0.0303;0.0527;0.6722
-552405;1713591;0.3360;0.0298;0.0528;0.6721
-529196;1717609;0.2914;0.0706;0.0530;0.5828
-553136;1718084;0.3433;0.0285;0.0530;0.6865
-491577;1718288;0.2633;0.1367;0.0530;0.5266
-546681;1721773;0.3197;0.0399;0.0531;0.6394
-552426;1722970;0.3245;0.0298;0.0531;0.6491
-520716;1727196;0.2865;0.0855;0.0532;0.5730
-545037;1728380;0.3178;0.0428;0.0533;0.6357
-498335;1728428;0.2620;0.1248;0.0533;0.5240
-501791;1731202;0.2753;0.1187;0.0534;0.5507
-553217;1731395;0.3323;0.0284;0.0534;0.6645
-543254;1737194;0.3029;0.0459;0.0536;0.6058
-553499;1740699;0.3433;0.0279;0.0537;0.6865
-526739;1742158;0.2897;0.0749;0.0537;0.5794
-549226;1742649;0.3163;0.0354;0.0537;0.6325
-529876;1744492;0.2900;0.0694;0.0538;0.5799
-554222;1746897;0.3359;0.0266;0.0539;0.6718
-514717;1749594;0.2824;0.0960;0.0539;0.5648
-517631;1750684;0.2755;0.0909;0.0540;0.5511
-550851;1750923;0.3219;0.0326;0.0540;0.6438
-530155;1751290;0.2989;0.0689;0.0540;0.5978
-552418;1752862;0.3220;0.0298;0.0540;0.6440
-505093;1753724;0.2609;0.1129;0.0541;0.5218
-511563;1757553;0.2661;0.1016;0.0542;0.5322
-539777;1759365;0.2956;0.0520;0.0542;0.5913
-544424;1760066;0.2984;0.0439;0.0543;0.5968
-545862;1760982;0.3073;0.0413;0.0543;0.6147
-521430;1761261;0.2766;0.0842;0.0543;0.5532
-554418;1766090;0.3299;0.0263;0.0544;0.6598
-554472;1766545;0.3321;0.0262;0.0545;0.6642
-530790;1766794;0.2939;0.0678;0.0545;0.5877
-533621;1770280;0.2941;0.0628;0.0546;0.5883
-525152;1771544;0.2849;0.0777;0.0546;0.5697
-552993;1773984;0.3241;0.0288;0.0547;0.6483
-525304;1774262;0.2849;0.0774;0.0547;0.5697
-540730;1775699;0.2910;0.0503;0.0547;0.5819
-541390;1779828;0.2958;0.0492;0.0549;0.5916
-548414;1782265;0.3163;0.0368;0.0549;0.6325
-551861;1782594;0.3090;0.0308;0.0550;0.6181
-494728;1784795;0.2595;0.1311;0.0550;0.5190
-527839;1784840;0.2818;0.0730;0.0550;0.5635
-554576;1789129;0.3321;0.0260;0.0552;0.6642
-554000;1789771;0.3282;0.0270;0.0552;0.6563
-507494;1789929;0.2619;0.1087;0.0552;0.5239
-554223;1790905;0.3282;0.0266;0.0552;0.6564
-515076;1791613;0.2714;0.0954;0.0552;0.5429
-526536;1792467;0.2799;0.0753;0.0553;0.5599
-547061;1793700;0.2956;0.0392;0.0553;0.5913
-513998;1795507;0.2664;0.0973;0.0554;0.5327
-511597;1795507;0.2663;0.1015;0.0554;0.5327
-520468;1799337;0.2704;0.0859;0.0555;0.5407
-518067;1799337;0.2704;0.0901;0.0555;0.5407
-541574;1802339;0.2862;0.0489;0.0556;0.5724
-554685;1806928;0.3359;0.0258;0.0557;0.6718
-554826;1808777;0.3282;0.0256;0.0558;0.6564
-533495;1808905;0.2852;0.0630;0.0558;0.5704
-547683;1811760;0.3074;0.0381;0.0559;0.6148
-505907;1812779;0.2563;0.1115;0.0559;0.5127
-553737;1814328;0.3242;0.0275;0.0559;0.6484
-524949;1815317;0.2748;0.0781;0.0560;0.5497
-522065;1815976;0.2726;0.0831;0.0560;0.5452
-554118;1816590;0.3245;0.0268;0.0560;0.6491
-553134;1820233;0.3160;0.0286;0.0561;0.6321
-507430;1823446;0.2619;0.1088;0.0562;0.5238
-529119;1824423;0.2776;0.0707;0.0562;0.5552
-555655;1828502;0.3217;0.0241;0.0564;0.6433
-547460;1829349;0.3074;0.0385;0.0564;0.6148
-553588;1830054;0.3179;0.0278;0.0564;0.6358
-527707;1835305;0.2766;0.0732;0.0566;0.5531
-540509;1836170;0.2862;0.0507;0.0566;0.5723
-534465;1837299;0.2764;0.0613;0.0566;0.5527
-552412;1840862;0.3090;0.0298;0.0568;0.6181
-554523;1841640;0.3175;0.0261;0.0568;0.6350
-534467;1844495;0.2764;0.0613;0.0569;0.5527
-507432;1846012;0.2619;0.1088;0.0569;0.5238
-528592;1854258;0.2711;0.0717;0.0572;0.5422
-555506;1855282;0.3175;0.0244;0.0572;0.6350
-539176;1858276;0.2842;0.0531;0.0573;0.5684
-546353;1861336;0.2861;0.0405;0.0574;0.5721
-521131;1862352;0.2656;0.0848;0.0574;0.5312
-547635;1863335;0.2910;0.0382;0.0574;0.5819
-555733;1864456;0.3321;0.0240;0.0575;0.6642
-539990;1865172;0.2792;0.0516;0.0575;0.5585
-541223;1870235;0.2762;0.0495;0.0577;0.5524
-534789;1870235;0.2712;0.0608;0.0577;0.5424
-533922;1872042;0.2702;0.0623;0.0577;0.5403
-521218;1872334;0.2650;0.0846;0.0577;0.5300
-553614;1878752;0.3091;0.0277;0.0579;0.6181
-556172;1881010;0.3243;0.0232;0.0580;0.6485
-548848;1887212;0.2985;0.0361;0.0582;0.5970
-551270;1890597;0.3046;0.0318;0.0583;0.6093
-556545;1897392;0.3282;0.0226;0.0585;0.6564
-549855;1902999;0.3030;0.0343;0.0587;0.6061
-556230;1904981;0.3164;0.0231;0.0587;0.6328
-515171;1905026;0.2606;0.0952;0.0587;0.5213
-547792;1908686;0.2861;0.0379;0.0588;0.5723
-535039;1912342;0.2712;0.0603;0.0590;0.5424
-553912;1918562;0.3138;0.0272;0.0591;0.6275
-535041;1919538;0.2712;0.0603;0.0592;0.5424
-546927;1930972;0.2811;0.0395;0.0595;0.5623
-516259;1938732;0.2628;0.0933;0.0598;0.5256
-541797;1939870;0.2710;0.0485;0.0598;0.5420
-522693;1944139;0.2674;0.0820;0.0599;0.5347
-552859;1950449;0.2956;0.0290;0.0601;0.5912
-556604;1950508;0.3134;0.0225;0.0601;0.6268
-529451;1954416;0.2661;0.0701;0.0603;0.5322
-542162;1956411;0.2742;0.0478;0.0603;0.5484
-516261;1958105;0.2628;0.0933;0.0604;0.5256
-547829;1961127;0.2861;0.0379;0.0605;0.5723
-536094;1963281;0.2649;0.0585;0.0605;0.5298
-556313;1965257;0.3048;0.0230;0.0606;0.6096
-536209;1984126;0.2659;0.0583;0.0612;0.5318
-555337;1991265;0.3048;0.0247;0.0614;0.6095
-536211;1991323;0.2659;0.0583;0.0614;0.5318
-536094;1991375;0.2639;0.0585;0.0614;0.5278
-542829;1994831;0.2712;0.0467;0.0615;0.5423
-543169;2000293;0.2793;0.0461;0.0617;0.5587
-542831;2002027;0.2712;0.0466;0.0617;0.5423
-542967;2011654;0.2657;0.0464;0.0620;0.5314
-553411;2018885;0.2909;0.0281;0.0622;0.5818
-557328;2021543;0.3079;0.0212;0.0623;0.6158
-555790;2023382;0.2956;0.0239;0.0624;0.5913
-553413;2026082;0.2909;0.0281;0.0625;0.5818
-556352;2052432;0.3079;0.0229;0.0633;0.6158
-556033;2082648;0.3035;0.0235;0.0642;0.6070
-550519;2095866;0.2813;0.0331;0.0646;0.5626
-553333;2099561;0.2861;0.0282;0.0647;0.5723
-556385;2103493;0.3075;0.0228;0.0648;0.6150
-523482;2108030;0.2620;0.0806;0.0650;0.5240
-524407;2109943;0.2609;0.0790;0.0650;0.5217
-554573;2111196;0.2910;0.0260;0.0651;0.5819
-531165;2115163;0.2607;0.0671;0.0652;0.5213
-557608;2116529;0.3206;0.0207;0.0653;0.6411
-545598;2131448;0.2799;0.0418;0.0657;0.5598
-543053;2135975;0.2711;0.0463;0.0659;0.5422
-537923;2144873;0.2605;0.0553;0.0661;0.5209
-557373;2145321;0.2957;0.0211;0.0661;0.5913
-545641;2158432;0.2798;0.0417;0.0665;0.5596
-544681;2172401;0.2603;0.0434;0.0670;0.5205
-558231;2179642;0.3164;0.0196;0.0672;0.6327
-558026;2182423;0.3035;0.0200;0.0673;0.6070
-556923;2183129;0.2909;0.0219;0.0673;0.5819
-548994;2201189;0.2763;0.0358;0.0679;0.5526
-558458;2205158;0.3079;0.0192;0.0680;0.6157
-555439;2215957;0.2861;0.0245;0.0683;0.5722
-546995;2220558;0.2747;0.0393;0.0685;0.5495
-551652;2223231;0.2762;0.0312;0.0685;0.5525
-550052;2226375;0.2761;0.0340;0.0686;0.5522
-558649;2245536;0.2989;0.0189;0.0692;0.5979
-558085;2258203;0.2910;0.0199;0.0696;0.5820
-556101;2261646;0.2862;0.0233;0.0697;0.5723
-558866;2270914;0.2943;0.0185;0.0700;0.5886
-545468;2329096;0.2547;0.0420;0.0718;0.5093
-557126;2361977;0.2896;0.0215;0.0728;0.5791
-552566;2367853;0.2762;0.0296;0.0730;0.5524
-552051;2375491;0.2745;0.0305;0.0732;0.5489
-556572;2375704;0.2812;0.0225;0.0732;0.5623
-559625;2377335;0.2990;0.0172;0.0733;0.5979
-556807;2392193;0.2847;0.0221;0.0738;0.5695
-557015;2406268;0.2862;0.0217;0.0742;0.5723
-559306;2407551;0.2944;0.0177;0.0742;0.5887
-551301;2415806;0.2657;0.0318;0.0745;0.5314
-552590;2423915;0.2791;0.0295;0.0747;0.5582
-553972;2432460;0.2791;0.0271;0.0750;0.5583
-559842;2456478;0.2944;0.0168;0.0757;0.5887
-553614;2461591;0.2683;0.0277;0.0759;0.5367
-556373;2464445;0.2792;0.0229;0.0760;0.5583
-554064;2483552;0.2579;0.0269;0.0766;0.5159
-555119;2493499;0.2745;0.0251;0.0769;0.5490
-558102;2493776;0.2896;0.0198;0.0769;0.5792
-554876;2501555;0.2512;0.0255;0.0771;0.5024
-556131;2521889;0.2516;0.0233;0.0777;0.5031
-555029;2530151;0.2460;0.0252;0.0780;0.4919
-559759;2534863;0.2357;0.0169;0.0781;0.4715
-560714;2560882;0.2196;0.0152;0.0790;0.4393
-562230;2593098;0.2051;0.0126;0.0799;0.4102
-562527;2617192;0.1973;0.0121;0.0807;0.3947
-563013;2620121;0.2125;0.0112;0.0808;0.4251
-559553;2628502;0.1907;0.0173;0.0810;0.3815
-564482;2632547;0.1816;0.0086;0.0812;0.3631
-562997;2636213;0.1816;0.0112;0.0813;0.3631
-564572;2647318;0.1806;0.0085;0.0816;0.3613
-563294;2664946;0.1725;0.0107;0.0822;0.3451
-564372;2678337;0.1725;0.0088;0.0826;0.3451
-564869;2679048;0.1716;0.0079;0.0826;0.3431
-564543;2686862;0.1630;0.0085;0.0828;0.3259
-565108;2692553;0.1806;0.0075;0.0830;0.3613
-565193;2694047;0.1619;0.0074;0.0831;0.3239
-565490;2704097;0.1516;0.0069;0.0834;0.3032
-567535;2713185;0.1282;0.0033;0.0836;0.2564
-567832;2744914;0.1146;0.0027;0.0846;0.2291
-568078;2785794;0.1160;0.0023;0.0859;0.2321
-567805;2787785;0.1007;0.0028;0.0859;0.2013
-568375;2810960;0.1007;0.0018;0.0867;0.2013
-568753;2824182;0.0823;0.0011;0.0871;0.1647
-567687;2843140;0.0823;0.0030;0.0877;0.1647
-568513;2871635;0.0823;0.0015;0.0885;0.1647
-568907;2875977;0.0583;0.0009;0.0887;0.1166
-568965;2914456;0.0699;0.0007;0.0899;0.1399
-569158;2926111;0.0583;0.0004;0.0902;0.1166
-569238;2950500;0.0583;0.0003;0.0910;0.1166
-569199;2955171;0.0388;0.0003;0.0911;0.0776
-569392;2992033;0.0000;-0.0000;0.0922;-0.0000
