-1618926;16184795;0.0652;0.0691;0.1683;0.1303
-1652819;19366518;0.0694;0.0496;0.2014;0.1388
-1646061;19040840;0.0696;0.0535;0.1980;0.1392
-1639040;18875718;0.0699;0.0575;0.1963;0.1398
-1633940;18373556;0.0699;0.0605;0.1911;0.1399
-1619738;18271155;0.0703;0.0686;0.1900;0.1407
-1658668;19756317;0.0707;0.0462;0.2054;0.1415
-1652452;19277645;0.0709;0.0498;0.2005;0.1417
-1693623;17761067;0.0718;0.0261;0.1847;0.1437
-1639191;16257498;0.0721;0.0574;0.1691;0.1441
-1619729;15452998;0.0721;0.0686;0.1607;0.1442
-1631366;15992919;0.0721;0.0619;0.1663;0.1442
-1674375;16881412;0.0723;0.0372;0.1755;0.1446
-1681740;16897817;0.0723;0.0330;0.1757;0.1447
-1674387;16690406;0.0724;0.0372;0.1736;0.1447
-1693543;17741771;0.0724;0.0262;0.1845;0.1448
-1687891;17180185;0.0724;0.0294;0.1787;0.1448
-1693993;17718690;0.0724;0.0259;0.1843;0.1449
-1693543;16965587;0.0724;0.0262;0.1764;0.1449
-1638712;15872000;0.0729;0.0577;0.1651;0.1457
-1612155;15175617;0.0730;0.0730;0.1578;0.1461
-1673277;16646728;0.0735;0.0378;0.1731;0.1471
-1612155;15106491;0.0756;0.0730;0.1571;0.1512
-1704267;16902408;0.0765;0.0200;0.1758;0.1529
-1705770;16973176;0.0767;0.0192;0.1765;0.1533
-1700316;16901630;0.0767;0.0223;0.1758;0.1534
-1608372;14806418;0.0768;0.0752;0.1540;0.1536
-1684255;16393191;0.0769;0.0315;0.1705;0.1538
-1693251;16644456;0.0770;0.0264;0.1731;0.1541
-1694723;16564074;0.0770;0.0255;0.1722;0.1541
-1699560;16611610;0.0771;0.0227;0.1727;0.1542
-1700009;16827123;0.0771;0.0225;0.1750;0.1542
-1705031;16477141;0.0772;0.0196;0.1713;0.1544
-1681341;16392210;0.0772;0.0332;0.1705;0.1544
-1674281;16334218;0.0773;0.0373;0.1699;0.1545
-1689447;16186764;0.0773;0.0285;0.1683;0.1546
-1691943;16410551;0.0775;0.0271;0.1707;0.1550
-1687703;16008216;0.0775;0.0295;0.1665;0.1550
-1620148;15223232;0.0776;0.0684;0.1583;0.1551
-1698252;16368776;0.0776;0.0235;0.1702;0.1552
-1699094;16023638;0.0778;0.0230;0.1666;0.1556
-1686485;15924496;0.0779;0.0302;0.1656;0.1559
-1714703;16467654;0.0781;0.0140;0.1712;0.1561
-1712194;16269752;0.0781;0.0155;0.1692;0.1561
-1707328;15904297;0.0781;0.0183;0.1654;0.1562
-1707945;16220491;0.0782;0.0179;0.1687;0.1563
-1619810;14949324;0.0784;0.0686;0.1555;0.1569
-1688399;15877583;0.0787;0.0291;0.1651;0.1574
-1607451;14784542;0.0787;0.0757;0.1537;0.1574
-1675387;15796232;0.0787;0.0366;0.1643;0.1575
-1681641;15768501;0.0788;0.0330;0.1640;0.1576
-1708883;16130972;0.0788;0.0174;0.1677;0.1577
-1677797;15715412;0.0789;0.0352;0.1634;0.1577
-1671039;15660972;0.0790;0.0391;0.1629;0.1579
-1684706;15663866;0.0791;0.0313;0.1629;0.1582
-1720009;18111731;0.0792;0.0110;0.1883;0.1585
-1672343;15533973;0.0793;0.0384;0.1615;0.1585
-1678308;15613548;0.0794;0.0349;0.1624;0.1588
-1677462;15459027;0.0795;0.0354;0.1608;0.1590
-1663946;15293575;0.0797;0.0432;0.1590;0.1594
-1719929;17641601;0.0799;0.0110;0.1835;0.1597
-1674682;15386795;0.0800;0.0370;0.1600;0.1599
-1684930;15182833;0.0800;0.0311;0.1579;0.1599
-1691150;15794870;0.0805;0.0276;0.1642;0.1611
-1697908;15893979;0.0810;0.0237;0.1653;0.1621
-1633183;15150617;0.0811;0.0609;0.1576;0.1623
-1600328;14463112;0.0816;0.0798;0.1504;0.1631
-1677252;14981607;0.0816;0.0356;0.1558;0.1632
-1593570;14425137;0.0818;0.0837;0.1500;0.1636
-1591403;14373388;0.0819;0.0849;0.1495;0.1637
-1593963;14348821;0.0819;0.0834;0.1492;0.1637
-1656978;14793171;0.0819;0.0472;0.1538;0.1637
-1587205;14324593;0.0821;0.0873;0.1490;0.1642
-1619631;14723455;0.0821;0.0687;0.1531;0.1642
-1686024;15622365;0.0830;0.0305;0.1625;0.1660
-1735744;17099424;0.0836;0.0019;0.1778;0.1671
-1720854;16682850;0.0836;0.0105;0.1735;0.1673
-1733551;16732673;0.0838;0.0032;0.1740;0.1676
-1608372;14438005;0.0838;0.0752;0.1501;0.1676
-1732247;16624846;0.0838;0.0039;0.1729;0.1676
-1732696;16614469;0.0838;0.0037;0.1728;0.1676
-1720342;16174721;0.0838;0.0108;0.1682;0.1676
-1724689;16168929;0.0838;0.0083;0.1681;0.1677
-1719011;16060004;0.0838;0.0115;0.1670;0.1677
-1717228;15899876;0.0840;0.0126;0.1653;0.1680
-1614411;14482198;0.0842;0.0717;0.1506;0.1683
-1729467;16552200;0.0842;0.0055;0.1721;0.1684
-1729916;16557618;0.0842;0.0053;0.1722;0.1684
-1721909;16112078;0.0842;0.0099;0.1675;0.1685
-1615130;14313740;0.0845;0.0713;0.1488;0.1690
-1707916;15773698;0.0847;0.0179;0.1640;0.1694
-1701158;15697943;0.0850;0.0218;0.1632;0.1701
-1695704;15620917;0.0851;0.0249;0.1624;0.1702
-1705136;15716847;0.0851;0.0195;0.1634;0.1702
-1699682;15639821;0.0851;0.0227;0.1626;0.1703
-1706252;15736231;0.0853;0.0189;0.1636;0.1707
-1735691;17053841;0.0854;0.0020;0.1773;0.1707
-1735933;17029745;0.0854;0.0018;0.1771;0.1707
-1734629;16849700;0.0854;0.0026;0.1752;0.1707
-1734836;16788723;0.0854;0.0024;0.1746;0.1707
-1728584;16541515;0.0854;0.0060;0.1720;0.1708
-1732436;16468649;0.0856;0.0038;0.1713;0.1711
-1732643;16407672;0.0856;0.0037;0.1706;0.1711
-1726391;16277790;0.0856;0.0073;0.1693;0.1712
-1726840;16165883;0.0856;0.0070;0.1681;0.1712
-1607365;14114143;0.0858;0.0757;0.1468;0.1716
-1711354;15503687;0.0859;0.0159;0.1612;0.1717
-1729863;16350821;0.0860;0.0053;0.1700;0.1719
-1704300;15420295;0.0860;0.0200;0.1604;0.1719
-1704749;15329041;0.0860;0.0197;0.1594;0.1719
-1663890;14926228;0.0860;0.0432;0.1552;0.1721
-1677335;14949738;0.0861;0.0355;0.1555;0.1721
-1685019;15067207;0.0861;0.0311;0.1567;0.1722
-1701969;15272190;0.0864;0.0213;0.1588;0.1727
-1658675;14733098;0.0865;0.0462;0.1532;0.1731
-1712890;15614843;0.0866;0.0151;0.1624;0.1732
-1634422;14679722;0.0868;0.0602;0.1527;0.1736
-1650823;14632336;0.0870;0.0508;0.1522;0.1740
-1688183;15162032;0.0873;0.0293;0.1577;0.1747
-1653809;14597202;0.0878;0.0490;0.1518;0.1756
-1659076;14417238;0.0879;0.0460;0.1499;0.1758
-1726893;15969536;0.0885;0.0070;0.1661;0.1770
-1727734;16009671;0.0885;0.0065;0.1665;0.1770
-1609635;14234167;0.0885;0.0744;0.1480;0.1770
-1719572;15790700;0.0887;0.0112;0.1642;0.1773
-1722246;15814793;0.0889;0.0097;0.1645;0.1778
-1719321;15782756;0.0890;0.0114;0.1641;0.1780
-1665689;14907144;0.0895;0.0422;0.1550;0.1790
-1620046;14333173;0.0899;0.0684;0.1490;0.1798
-1613288;14134879;0.0900;0.0723;0.1470;0.1801
-1708734;15443952;0.0911;0.0175;0.1606;0.1821
-1703878;15143570;0.0915;0.0202;0.1575;0.1829
-1613688;14212467;0.0915;0.0721;0.1478;0.1830
-1622432;14361569;0.0916;0.0671;0.1493;0.1831
-1614041;14271903;0.0916;0.0719;0.1484;0.1832
-1607323;14053650;0.0917;0.0758;0.1461;0.1834
-1677366;14756923;0.0917;0.0355;0.1535;0.1835
-1735209;16959012;0.0919;0.0022;0.1764;0.1837
-1735233;16999050;0.0919;0.0022;0.1768;0.1837
-1733999;16642425;0.0919;0.0029;0.1731;0.1837
-1678221;14771151;0.0920;0.0350;0.1536;0.1840
-1707348;15185191;0.0920;0.0182;0.1579;0.1841
-1696239;15015420;0.0921;0.0246;0.1561;0.1841
-1671912;14679897;0.0921;0.0386;0.1527;0.1841
-1702428;15087743;0.0922;0.0211;0.1569;0.1843
-1600565;14025688;0.0922;0.0797;0.1459;0.1844
-1670608;14459425;0.0922;0.0394;0.1504;0.1845
-1696239;14886861;0.0923;0.0246;0.1548;0.1846
-1689481;14812874;0.0923;0.0285;0.1540;0.1847
-1718379;15468330;0.0924;0.0119;0.1609;0.1847
-1725045;15675984;0.0924;0.0081;0.1630;0.1847
-1727661;15654919;0.0925;0.0066;0.1628;0.1849
-1725292;15454405;0.0925;0.0079;0.1607;0.1850
-1664705;14448222;0.0926;0.0428;0.1502;0.1851
-1658396;14356968;0.0926;0.0464;0.1493;0.1852
-1688264;14662761;0.0928;0.0292;0.1525;0.1855
-1645198;14180393;0.0929;0.0540;0.1475;0.1858
-1646240;14106843;0.0929;0.0534;0.1467;0.1858
-1671964;14646924;0.0931;0.0386;0.1523;0.1863
-1650392;14187175;0.0931;0.0510;0.1475;0.1863
-1671702;14607716;0.0931;0.0387;0.1519;0.1863
-1671815;14586378;0.0932;0.0387;0.1517;0.1863
-1691879;14738636;0.0932;0.0271;0.1533;0.1864
-1664757;14328894;0.0936;0.0427;0.1490;0.1873
-1698825;14935953;0.0937;0.0232;0.1553;0.1873
-1658186;14242452;0.0938;0.0465;0.1481;0.1875
-1665799;14256680;0.0939;0.0421;0.1483;0.1879
-1652994;14160615;0.0944;0.0495;0.1473;0.1889
-1656983;14050320;0.0945;0.0472;0.1461;0.1890
-1612918;14037339;0.0962;0.0725;0.1460;0.1924
-1716803;15409037;0.0964;0.0128;0.1602;0.1929
-1728820;15957530;0.0965;0.0059;0.1659;0.1929
-1710045;15214639;0.0965;0.0167;0.1582;0.1930
-1702823;15023007;0.0969;0.0209;0.1562;0.1937
-1730716;15774790;0.0974;0.0048;0.1640;0.1949
-1697054;14680087;0.0977;0.0242;0.1527;0.1953
-1697560;14906932;0.0977;0.0239;0.1550;0.1954
-1711679;15098866;0.0977;0.0158;0.1570;0.1954
-1706982;15079255;0.0977;0.0185;0.1568;0.1954
-1606839;13984927;0.0978;0.0760;0.1454;0.1956
-1706539;14750417;0.0978;0.0187;0.1534;0.1956
-1716731;15080116;0.0979;0.0129;0.1568;0.1958
-1735122;16887008;0.0979;0.0023;0.1756;0.1958
-1734358;16465550;0.0979;0.0027;0.1712;0.1959
-1731460;15879612;0.0980;0.0044;0.1651;0.1959
-1732264;15956032;0.0980;0.0039;0.1659;0.1959
-1732767;16150279;0.0981;0.0036;0.1679;0.1962
-1732614;16032650;0.0981;0.0037;0.1667;0.1962
-1716019;15074315;0.0982;0.0133;0.1568;0.1963
-1686311;14598795;0.0982;0.0303;0.1518;0.1963
-1600183;13923003;0.0982;0.0799;0.1448;0.1965
-1669883;14412199;0.0983;0.0398;0.1499;0.1965
-1710624;14989807;0.0985;0.0164;0.1559;0.1969
-1722955;15295356;0.0985;0.0093;0.1591;0.1970
-1690802;14538733;0.0987;0.0278;0.1512;0.1973
-1683576;14460495;0.0987;0.0319;0.1504;0.1974
-1706788;14748443;0.0989;0.0186;0.1534;0.1978
-1703866;14660674;0.0989;0.0203;0.1525;0.1978
-1684044;14478925;0.0990;0.0316;0.1506;0.1979
-1697108;14621454;0.0990;0.0241;0.1520;0.1979
-1614456;14006545;0.0994;0.0717;0.1457;0.1989
-1669352;14342942;0.0994;0.0401;0.1492;0.1989
-1637520;13896227;0.0995;0.0584;0.1445;0.1991
-1669123;14279956;0.0999;0.0402;0.1485;0.1997
-1661502;14092252;0.1005;0.0446;0.1465;0.2009
-1729242;15594095;0.1005;0.0057;0.1622;0.2010
-1649466;13980424;0.1006;0.0515;0.1454;0.2011
-1669564;14119173;0.1006;0.0400;0.1468;0.2012
-1727498;15231864;0.1007;0.0067;0.1584;0.2013
-1625359;13880604;0.1009;0.0654;0.1443;0.2018
-1644274;13938037;0.1011;0.0545;0.1449;0.2021
-1631013;13864654;0.1014;0.0621;0.1442;0.2027
-1618801;13787628;0.1019;0.0692;0.1434;0.2038
-1612043;13768383;0.1020;0.0731;0.1432;0.2040
-1617180;13731026;0.1021;0.0701;0.1428;0.2041
-1610422;13711997;0.1022;0.0740;0.1426;0.2043
-1732319;15916591;0.1031;0.0039;0.1655;0.2063
-1732136;15760030;0.1032;0.0040;0.1639;0.2063
-1712123;14980380;0.1034;0.0155;0.1558;0.2067
-1705814;14728433;0.1035;0.0191;0.1532;0.2070
-1717505;15006487;0.1035;0.0124;0.1561;0.2071
-1732989;15866043;0.1036;0.0035;0.1650;0.2072
-1734413;16760589;0.1036;0.0027;0.1743;0.2073
-1730796;15499292;0.1038;0.0048;0.1612;0.2075
-1731197;15689500;0.1038;0.0045;0.1632;0.2076
-1731914;15628871;0.1039;0.0041;0.1625;0.2079
-1729721;15365557;0.1041;0.0054;0.1598;0.2082
-1730170;15324271;0.1041;0.0051;0.1594;0.2082
-1728866;15155125;0.1041;0.0059;0.1576;0.2082
-1708843;14766284;0.1042;0.0174;0.1536;0.2084
-1699163;14639295;0.1043;0.0230;0.1522;0.2086
-1694733;14507466;0.1043;0.0255;0.1509;0.2086
-1682721;14389926;0.1043;0.0324;0.1496;0.2087
-1674550;14172189;0.1049;0.0371;0.1474;0.2098
-1622398;13819745;0.1051;0.0671;0.1437;0.2101
-1676945;14207006;0.1057;0.0357;0.1477;0.2113
-1658526;13998522;0.1058;0.0463;0.1456;0.2116
-1648741;13953663;0.1061;0.0519;0.1451;0.2122
-1645459;13907268;0.1063;0.0538;0.1446;0.2126
-1629060;13800688;0.1063;0.0633;0.1435;0.2126
-1629022;13774347;0.1070;0.0633;0.1432;0.2140
-1623269;13760453;0.1071;0.0666;0.1431;0.2142
-1661569;13960682;0.1071;0.0446;0.1452;0.2142
-1611767;13620349;0.1074;0.0732;0.1416;0.2149
-1616904;13661140;0.1075;0.0703;0.1421;0.2150
-1702384;14559590;0.1090;0.0211;0.1514;0.2179
-1727340;15077956;0.1090;0.0068;0.1568;0.2180
-1727789;15025923;0.1090;0.0065;0.1563;0.2180
-1733969;15646712;0.1090;0.0029;0.1627;0.2180
-1734034;16269833;0.1090;0.0029;0.1692;0.2180
-1733344;15467127;0.1090;0.0033;0.1608;0.2181
-1731776;15383398;0.1091;0.0042;0.1600;0.2183
-1730921;15229349;0.1091;0.0047;0.1584;0.2183
-1732580;15438391;0.1091;0.0037;0.1605;0.2183
-1732225;15342112;0.1091;0.0039;0.1595;0.2183
-1714589;14872101;0.1092;0.0141;0.1547;0.2184
-1702133;14531307;0.1095;0.0212;0.1511;0.2191
-1682127;14364065;0.1097;0.0328;0.1494;0.2194
-1714493;14611534;0.1098;0.0141;0.1519;0.2196
-1689876;14305130;0.1098;0.0283;0.1488;0.2197
-1697845;14441372;0.1099;0.0237;0.1502;0.2197
-1691087;14427370;0.1099;0.0276;0.1500;0.2197
-1691545;14218507;0.1099;0.0273;0.1479;0.2197
-1715338;14710943;0.1099;0.0137;0.1530;0.2198
-1668688;14091988;0.1101;0.0405;0.1465;0.2202
-1667067;14042239;0.1102;0.0414;0.1460;0.2205
-1621998;13645997;0.1104;0.0673;0.1419;0.2209
-1642558;13847281;0.1104;0.0555;0.1440;0.2209
-1615240;13601856;0.1105;0.0712;0.1414;0.2210
-1657820;13861416;0.1111;0.0467;0.1441;0.2222
-1667842;14060286;0.1114;0.0410;0.1462;0.2227
-1647312;13848909;0.1115;0.0528;0.1440;0.2230
-1637546;13726170;0.1116;0.0584;0.1427;0.2233
-1676616;14023016;0.1123;0.0359;0.1458;0.2246
-1669858;13978876;0.1124;0.0398;0.1454;0.2247
-1663165;13887997;0.1126;0.0437;0.1444;0.2252
-1647778;13760674;0.1126;0.0525;0.1431;0.2252
-1667078;13844241;0.1126;0.0414;0.1440;0.2253
-1649649;13804697;0.1127;0.0514;0.1436;0.2254
-1635873;13687251;0.1127;0.0593;0.1423;0.2254
-1609776;13598121;0.1128;0.0744;0.1414;0.2255
-1609538;13513081;0.1128;0.0745;0.1405;0.2255
-1722740;14926591;0.1130;0.0094;0.1552;0.2259
-1602669;13484198;0.1136;0.0784;0.1402;0.2272
-1669858;13780771;0.1136;0.0398;0.1433;0.2273
-1663100;13736631;0.1137;0.0437;0.1428;0.2274
-1675497;13934743;0.1138;0.0366;0.1449;0.2276
-1729395;15177650;0.1138;0.0056;0.1578;0.2276
-1730699;15154201;0.1138;0.0048;0.1576;0.2276
-1729844;15043763;0.1138;0.0053;0.1564;0.2276
-1731148;15214255;0.1138;0.0046;0.1582;0.2276
-1634876;13668875;0.1139;0.0599;0.1421;0.2278
-1649649;13603787;0.1140;0.0514;0.1415;0.2279
-1642891;13555814;0.1140;0.0553;0.1410;0.2280
-1701659;14489447;0.1141;0.0215;0.1507;0.2282
-1702490;14602407;0.1141;0.0210;0.1518;0.2282
-1629375;13533003;0.1145;0.0631;0.1407;0.2289
-1622617;13485030;0.1145;0.0670;0.1402;0.2291
-1704336;14457940;0.1146;0.0200;0.1503;0.2292
-1716724;14674637;0.1146;0.0129;0.1526;0.2292
-1715116;14579202;0.1147;0.0138;0.1516;0.2294
-1684062;14096874;0.1150;0.0316;0.1466;0.2299
-1689398;14100551;0.1154;0.0286;0.1466;0.2308
-1674813;13880842;0.1163;0.0370;0.1443;0.2325
-1590759;13480701;0.1166;0.0853;0.1402;0.2332
-1725541;14798531;0.1170;0.0078;0.1539;0.2340
-1730486;15129101;0.1171;0.0049;0.1573;0.2342
-1693900;14250033;0.1175;0.0260;0.1482;0.2351
-1700341;14335870;0.1177;0.0223;0.1491;0.2354
-1675880;13753114;0.1185;0.0363;0.1430;0.2370
-1669133;13710628;0.1185;0.0402;0.1426;0.2371
-1646916;13536194;0.1188;0.0530;0.1408;0.2377
-1640158;13492054;0.1189;0.0569;0.1403;0.2378
-1621893;13428153;0.1194;0.0674;0.1396;0.2388
-1718107;14636826;0.1194;0.0121;0.1522;0.2388
-1717303;14552349;0.1194;0.0125;0.1513;0.2389
-1721621;14776420;0.1195;0.0100;0.1537;0.2389
-1701958;14389203;0.1195;0.0213;0.1496;0.2390
-1661521;13671438;0.1196;0.0446;0.1422;0.2393
-1703967;14405406;0.1198;0.0202;0.1498;0.2396
-1682512;14061589;0.1198;0.0325;0.1462;0.2397
-1688635;14043789;0.1202;0.0290;0.1460;0.2405
-1715029;14430565;0.1203;0.0138;0.1501;0.2405
-1692187;14201237;0.1204;0.0270;0.1477;0.2407
-1699783;14273022;0.1204;0.0226;0.1484;0.2408
-1656437;13657890;0.1212;0.0475;0.1420;0.2424
-1597033;13399208;0.1212;0.0817;0.1393;0.2425
-1728605;14958994;0.1214;0.0060;0.1556;0.2429
-1690774;14158731;0.1215;0.0278;0.1472;0.2429
-1727596;14816372;0.1215;0.0066;0.1541;0.2430
-1676067;13816761;0.1216;0.0362;0.1437;0.2432
-1571189;13391575;0.1219;0.0965;0.1393;0.2437
-1682279;13993925;0.1220;0.0327;0.1455;0.2440
-1702396;14353711;0.1221;0.0211;0.1493;0.2443
-1655024;13608746;0.1223;0.0483;0.1415;0.2446
-1662080;13623038;0.1232;0.0443;0.1417;0.2465
-1647893;13528427;0.1235;0.0524;0.1407;0.2470
-1635038;13440646;0.1236;0.0598;0.1398;0.2472
-1596394;13362183;0.1236;0.0820;0.1390;0.2473
-1621164;13375280;0.1240;0.0678;0.1391;0.2481
-1596747;13311063;0.1240;0.0818;0.1384;0.2481
-1728432;14759637;0.1243;0.0061;0.1535;0.2485
-1589989;13277458;0.1248;0.0857;0.1381;0.2496
-1699783;14028941;0.1252;0.0226;0.1459;0.2504
-1681531;13936476;0.1265;0.0331;0.1449;0.2531
-1720931;14566080;0.1266;0.0104;0.1515;0.2532
-1720741;14508105;0.1266;0.0105;0.1509;0.2532
-1722310;14481792;0.1266;0.0096;0.1506;0.2532
-1686884;13967119;0.1271;0.0300;0.1452;0.2542
-1672863;13672756;0.1277;0.0381;0.1422;0.2554
-1675384;13685556;0.1277;0.0366;0.1423;0.2554
-1674431;13635295;0.1277;0.0372;0.1418;0.2554
-1666105;13610976;0.1277;0.0420;0.1415;0.2554
-1668272;13572082;0.1277;0.0407;0.1411;0.2554
-1728705;14606767;0.1279;0.0060;0.1519;0.2557
-1638892;13423302;0.1281;0.0576;0.1396;0.2561
-1596263;13167034;0.1285;0.0821;0.1369;0.2570
-1687172;13830810;0.1294;0.0299;0.1438;0.2589
-1620202;13336775;0.1296;0.0684;0.1387;0.2592
-1701838;13949459;0.1299;0.0214;0.1451;0.2597
-1715841;14403657;0.1303;0.0134;0.1498;0.2605
-1721585;14419965;0.1310;0.0101;0.1500;0.2620
-1707381;14194229;0.1312;0.0182;0.1476;0.2623
-1714827;14295932;0.1318;0.0139;0.1487;0.2637
-1650602;13466681;0.1323;0.0509;0.1400;0.2646
-1648593;13431733;0.1323;0.0520;0.1397;0.2646
-1588428;13110921;0.1326;0.0866;0.1363;0.2651
-1602280;13254040;0.1327;0.0787;0.1378;0.2654
-1730036;14764232;0.1334;0.0052;0.1535;0.2668
-1588492;13138454;0.1335;0.0866;0.1366;0.2669
-1686447;13804049;0.1337;0.0303;0.1435;0.2674
-1633263;13369520;0.1338;0.0608;0.1390;0.2675
-1619478;13279898;0.1339;0.0688;0.1381;0.2677
-1693055;13906596;0.1339;0.0265;0.1446;0.2679
-1684884;13727859;0.1340;0.0312;0.1428;0.2679
-1693355;13874059;0.1344;0.0263;0.1443;0.2687
-1713769;14278241;0.1346;0.0146;0.1485;0.2692
-1713414;14226853;0.1346;0.0148;0.1479;0.2692
-1708626;14115331;0.1349;0.0175;0.1468;0.2699
-1730758;14888726;0.1349;0.0048;0.1548;0.2699
-1721449;14343245;0.1352;0.0101;0.1492;0.2705
-1574775;13083111;0.1354;0.0945;0.1361;0.2708
-1705277;14007414;0.1356;0.0194;0.1457;0.2712
-1601190;13229495;0.1356;0.0793;0.1376;0.2712
-1664349;13535616;0.1362;0.0430;0.1408;0.2725
-1686382;13764529;0.1365;0.0303;0.1431;0.2729
-1608454;13197484;0.1365;0.0751;0.1372;0.2730
-1731940;15325121;0.1367;0.0041;0.1594;0.2734
-1595128;13061943;0.1370;0.0828;0.1358;0.2740
-1640276;13406563;0.1376;0.0568;0.1394;0.2751
-1695110;13924437;0.1379;0.0253;0.1448;0.2757
-1618753;13212508;0.1380;0.0692;0.1374;0.2760
-1629111;13351902;0.1385;0.0632;0.1388;0.2770
-1649657;13373779;0.1395;0.0514;0.1391;0.2790
-1709976;14048677;0.1397;0.0167;0.1461;0.2794
-1622625;13255021;0.1400;0.0670;0.1378;0.2800
-1731118;15135403;0.1403;0.0046;0.1574;0.2807
-1713966;14175778;0.1403;0.0144;0.1474;0.2807
-1713444;14145984;0.1406;0.0147;0.1471;0.2813
-1731256;15294407;0.1408;0.0045;0.1590;0.2816
-1652236;13431934;0.1412;0.0499;0.1397;0.2823
-1679586;13599574;0.1413;0.0342;0.1414;0.2825
-1586752;13006204;0.1413;0.0876;0.1353;0.2826
-1665231;13476789;0.1413;0.0425;0.1401;0.2826
-1666010;13500458;0.1413;0.0420;0.1404;0.2826
-1580286;12959481;0.1418;0.0913;0.1348;0.2835
-1607087;13163907;0.1424;0.0759;0.1369;0.2847
-1724153;14590157;0.1433;0.0086;0.1517;0.2865
-1723725;14514541;0.1433;0.0088;0.1509;0.2865
-1719728;14203569;0.1433;0.0111;0.1477;0.2866
-1712587;14097722;0.1433;0.0152;0.1466;0.2866
-1648932;13329864;0.1435;0.0518;0.1386;0.2870
-1706149;13895232;0.1438;0.0189;0.1445;0.2876
-1730852;15089606;0.1443;0.0047;0.1569;0.2886
-1699391;13813991;0.1444;0.0228;0.1437;0.2889
-1599554;12974468;0.1446;0.0802;0.1349;0.2891
-1730809;15000317;0.1447;0.0048;0.1560;0.2894
-1731318;15120183;0.1447;0.0045;0.1572;0.2894
-1594646;12935126;0.1449;0.0831;0.1345;0.2899
-1664507;13407339;0.1452;0.0429;0.1394;0.2904
-1586757;12908838;0.1452;0.0876;0.1342;0.2905
-1585416;12818510;0.1453;0.0884;0.1333;0.2906
-1586431;12856573;0.1453;0.0878;0.1337;0.2907
-1643010;13294886;0.1454;0.0552;0.1383;0.2909
-1636750;13241592;0.1455;0.0588;0.1377;0.2910
-1611015;13207206;0.1455;0.0736;0.1373;0.2910
-1616541;13087865;0.1459;0.0705;0.1361;0.2917
-1690874;13708054;0.1463;0.0277;0.1425;0.2927
-1708795;13958855;0.1473;0.0174;0.1452;0.2945
-1679674;13527154;0.1477;0.0342;0.1407;0.2954
-1620869;13171731;0.1478;0.0680;0.1370;0.2955
-1704511;13841512;0.1480;0.0199;0.1439;0.2960
-1728190;14601657;0.1482;0.0063;0.1518;0.2964
-1696658;13727395;0.1482;0.0244;0.1428;0.2965
-1711957;14060400;0.1484;0.0156;0.1462;0.2967
-1604500;13004917;0.1485;0.0774;0.1352;0.2970
-1649219;13294886;0.1490;0.0517;0.1383;0.2981
-1631000;13222064;0.1495;0.0622;0.1375;0.2991
-1607563;13021274;0.1500;0.0756;0.1354;0.3000
-1728255;14602201;0.1501;0.0062;0.1518;0.3002
-1699224;13686028;0.1502;0.0229;0.1423;0.3005
-1729257;14541374;0.1506;0.0057;0.1512;0.3012
-1667347;13450905;0.1508;0.0413;0.1399;0.3017
-1729692;14714251;0.1510;0.0054;0.1530;0.3020
-1682044;13560278;0.1512;0.0328;0.1410;0.3024
-1620106;13156450;0.1515;0.0684;0.1368;0.3029
-1727208;14496017;0.1519;0.0068;0.1507;0.3038
-1677505;13421780;0.1527;0.0354;0.1396;0.3053
-1583754;12775477;0.1528;0.0893;0.1329;0.3056
-1635730;13155088;0.1529;0.0594;0.1368;0.3059
-1635882;13156408;0.1529;0.0593;0.1368;0.3059
-1621812;13063679;0.1533;0.0674;0.1358;0.3065
-1615054;13015706;0.1533;0.0713;0.1353;0.3066
-1668661;13363408;0.1536;0.0405;0.1390;0.3073
-1648452;13258777;0.1539;0.0521;0.1379;0.3077
-1728960;14509151;0.1543;0.0058;0.1509;0.3085
-1688528;13649912;0.1547;0.0291;0.1419;0.3094
-1687115;13604969;0.1547;0.0299;0.1415;0.3094
-1715884;14199121;0.1548;0.0133;0.1477;0.3096
-1584738;12747971;0.1564;0.0888;0.1326;0.3128
-1688408;13570037;0.1565;0.0291;0.1411;0.3129
-1668084;13341579;0.1572;0.0408;0.1387;0.3144
-1729294;14461982;0.1578;0.0056;0.1504;0.3156
-1577504;12697043;0.1579;0.0929;0.1320;0.3157
-1722193;14283015;0.1580;0.0097;0.1485;0.3160
-1628120;13048143;0.1587;0.0638;0.1357;0.3174
-1728227;14327071;0.1588;0.0062;0.1490;0.3176
-1647389;13137306;0.1609;0.0527;0.1366;0.3218
-1708077;13936068;0.1610;0.0178;0.1449;0.3219
-1706154;13710456;0.1610;0.0189;0.1426;0.3220
-1665761;13230382;0.1615;0.0422;0.1376;0.3230
-1692638;13548982;0.1617;0.0267;0.1409;0.3233
-1714575;14088151;0.1618;0.0141;0.1465;0.3236
-1647670;13216890;0.1619;0.0526;0.1374;0.3238
-1679942;13457031;0.1620;0.0340;0.1399;0.3241
-1706590;13744887;0.1626;0.0187;0.1429;0.3253
-1581738;12631703;0.1628;0.0905;0.1314;0.3257
-1704185;13688634;0.1635;0.0201;0.1423;0.3271
-1673779;13381978;0.1635;0.0376;0.1392;0.3271
-1726125;14134852;0.1643;0.0075;0.1470;0.3285
-1685857;13523183;0.1646;0.0306;0.1406;0.3292
-1700187;13643711;0.1651;0.0224;0.1419;0.3301
-1635049;13132803;0.1654;0.0598;0.1366;0.3308
-1679217;13425993;0.1654;0.0344;0.1396;0.3308
-1708126;13778706;0.1657;0.0178;0.1433;0.3313
-1596072;12725671;0.1662;0.0822;0.1323;0.3324
-1727073;14181286;0.1663;0.0069;0.1475;0.3327
-1719474;14117116;0.1664;0.0113;0.1468;0.3327
-1584708;12658478;0.1664;0.0888;0.1316;0.3328
-1581254;12600157;0.1666;0.0908;0.1310;0.3333
-1672954;13259808;0.1674;0.0380;0.1379;0.3348
-1666196;13200001;0.1674;0.0419;0.1373;0.3349
-1603395;12746802;0.1675;0.0780;0.1326;0.3351
-1603555;12779028;0.1675;0.0779;0.1329;0.3351
-1645922;13117454;0.1676;0.0536;0.1364;0.3353
-1685720;13457059;0.1679;0.0307;0.1399;0.3359
-1625713;13039869;0.1679;0.0652;0.1356;0.3359
-1618649;12983343;0.1687;0.0693;0.1350;0.3373
-1633847;13092400;0.1687;0.0605;0.1361;0.3374
-1633514;13005598;0.1689;0.0607;0.1352;0.3379
-1726591;14139241;0.1689;0.0072;0.1470;0.3379
-1726481;14124228;0.1689;0.0072;0.1469;0.3379
-1621927;12916543;0.1694;0.0674;0.1343;0.3387
-1636249;13078127;0.1694;0.0591;0.1360;0.3389
-1622558;12956202;0.1695;0.0670;0.1347;0.3390
-1681480;13400841;0.1696;0.0331;0.1394;0.3393
-1726540;14034927;0.1700;0.0072;0.1459;0.3399
-1641594;13050461;0.1702;0.0561;0.1357;0.3403
-1634836;13028983;0.1702;0.0599;0.1355;0.3404
-1678192;13253629;0.1703;0.0350;0.1378;0.3407
-1610451;12896331;0.1705;0.0740;0.1341;0.3411
-1648790;13165886;0.1717;0.0519;0.1369;0.3434
-1622861;12942408;0.1720;0.0668;0.1346;0.3440
-1671014;13230655;0.1721;0.0391;0.1376;0.3442
-1723657;14027435;0.1721;0.0089;0.1459;0.3443
-1727164;14279944;0.1722;0.0069;0.1485;0.3443
-1725762;14022668;0.1722;0.0077;0.1458;0.3443
-1704681;13579652;0.1725;0.0198;0.1412;0.3450
-1725338;13994524;0.1732;0.0079;0.1455;0.3463
-1630704;12874756;0.1733;0.0623;0.1339;0.3465
-1582573;12547848;0.1734;0.0900;0.1305;0.3468
-1717996;13722606;0.1735;0.0121;0.1427;0.3470
-1654692;13155049;0.1735;0.0485;0.1368;0.3470
-1608448;12871232;0.1739;0.0751;0.1338;0.3477
-1724398;13735725;0.1740;0.0084;0.1428;0.3480
-1705121;13580298;0.1747;0.0195;0.1412;0.3493
-1696409;13467255;0.1748;0.0245;0.1400;0.3495
-1608565;12805069;0.1750;0.0751;0.1332;0.3500
-1725465;13960020;0.1753;0.0078;0.1452;0.3506
-1703165;13531202;0.1756;0.0207;0.1407;0.3511
-1685340;13320831;0.1761;0.0309;0.1385;0.3523
-1582214;12493649;0.1763;0.0902;0.1299;0.3525
-1725831;13843762;0.1763;0.0076;0.1440;0.3526
-1609619;12831207;0.1769;0.0744;0.1334;0.3538
-1661305;13125926;0.1770;0.0447;0.1365;0.3540
-1620616;12850145;0.1774;0.0681;0.1336;0.3548
-1661355;13095207;0.1777;0.0447;0.1362;0.3553
-1719238;13656610;0.1778;0.0114;0.1420;0.3555
-1638355;13037186;0.1779;0.0579;0.1356;0.3557
-1696961;13437741;0.1779;0.0242;0.1397;0.3558
-1703719;13507041;0.1787;0.0203;0.1405;0.3574
-1725414;13767956;0.1789;0.0079;0.1432;0.3577
-1719293;13625869;0.1791;0.0114;0.1417;0.3582
-1642896;12988458;0.1793;0.0553;0.1351;0.3586
-1704657;13560929;0.1793;0.0198;0.1410;0.3586
-1636183;12831539;0.1794;0.0592;0.1334;0.3588
-1601196;12587094;0.1799;0.0793;0.1309;0.3597
-1661168;13059801;0.1800;0.0448;0.1358;0.3601
-1661516;13111696;0.1801;0.0446;0.1363;0.3603
-1667664;13176623;0.1803;0.0411;0.1370;0.3607
-1719374;13592153;0.1806;0.0113;0.1413;0.3612
-1719982;13725925;0.1807;0.0110;0.1427;0.3613
-1719395;13686579;0.1807;0.0113;0.1423;0.3613
-1661053;13039738;0.1817;0.0449;0.1356;0.3634
-1724965;13251632;0.1819;0.0081;0.1378;0.3638
-1724745;13211228;0.1819;0.0082;0.1374;0.3638
-1642918;12988926;0.1820;0.0553;0.1351;0.3640
-1579700;12452697;0.1823;0.0916;0.1295;0.3646
-1643936;13012684;0.1838;0.0547;0.1353;0.3677
-1640178;12942247;0.1839;0.0569;0.1346;0.3678
-1614058;12681580;0.1841;0.0719;0.1319;0.3682
-1614481;12708871;0.1842;0.0716;0.1322;0.3684
-1578174;12400325;0.1849;0.0925;0.1289;0.3697
-1722595;13191580;0.1850;0.0095;0.1372;0.3700
-1672015;13152677;0.1857;0.0386;0.1368;0.3713
-1619793;12752704;0.1859;0.0686;0.1326;0.3718
-1632341;12816678;0.1862;0.0614;0.1333;0.3724
-1646919;12959407;0.1867;0.0530;0.1348;0.3735
-1658463;12988645;0.1867;0.0464;0.1351;0.3735
-1639366;12897580;0.1874;0.0573;0.1341;0.3748
-1723830;13161730;0.1878;0.0088;0.1369;0.3756
-1723610;13121326;0.1878;0.0089;0.1364;0.3756
-1584753;12577128;0.1880;0.0887;0.1308;0.3760
-1577690;12338847;0.1882;0.0928;0.1283;0.3763
-1640016;12924991;0.1897;0.0570;0.1344;0.3794
-1722716;12814803;0.1898;0.0094;0.1333;0.3797
-1722936;12855206;0.1898;0.0093;0.1337;0.3797
-1632378;12737506;0.1916;0.0614;0.1325;0.3832
-1582248;12498130;0.1917;0.0902;0.1300;0.3834
-1720566;12787353;0.1928;0.0106;0.1330;0.3855
-1575511;12288053;0.1934;0.0941;0.1278;0.3868
-1618341;12618778;0.1936;0.0694;0.1312;0.3871
-1604870;12564684;0.1940;0.0772;0.1307;0.3880
-1721801;12740871;0.1954;0.0099;0.1325;0.3909
-1631485;12657833;0.1972;0.0619;0.1316;0.3943
-1719431;12701914;0.1983;0.0113;0.1321;0.3965
-1719211;12661511;0.1983;0.0114;0.1317;0.3965
-1587040;12506607;0.1986;0.0874;0.1301;0.3972
-1580282;12453739;0.1986;0.0913;0.1295;0.3973
-1630056;12589347;0.2000;0.0627;0.1309;0.3999
-1721370;12641507;0.2009;0.0102;0.1315;0.4017
-1608312;12476185;0.2016;0.0752;0.1297;0.4033
-1609069;12506793;0.2020;0.0748;0.1301;0.4039
-1630109;12564199;0.2020;0.0627;0.1307;0.4040
-1719584;12578414;0.2035;0.0112;0.1308;0.4070
-1605565;12424904;0.2039;0.0768;0.1292;0.4077
-1628604;12523348;0.2051;0.0635;0.1302;0.4102
-1720235;12548266;0.2061;0.0108;0.1305;0.4122
-1604405;12368245;0.2065;0.0774;0.1286;0.4129
-1569571;12256220;0.2071;0.0975;0.1275;0.4142
-1563165;12195020;0.2072;0.1012;0.1268;0.4144
-1619976;12452117;0.2078;0.0685;0.1295;0.4156
-1719153;12450154;0.2087;0.0115;0.1295;0.4174
-1718933;12409750;0.2087;0.0116;0.1290;0.4174
-1547916;12186228;0.2093;0.1099;0.1267;0.4186
-1568763;12166323;0.2093;0.0979;0.1265;0.4186
-1605443;12396151;0.2098;0.0768;0.1289;0.4196
-1566758;12154443;0.2108;0.0991;0.1264;0.4215
-1553790;12111593;0.2113;0.1065;0.1259;0.4225
-1580133;12344824;0.2117;0.0914;0.1284;0.4235
-1567561;12138361;0.2122;0.0986;0.1262;0.4243
-1718018;12364714;0.2137;0.0121;0.1286;0.4274
-1604364;12298326;0.2140;0.0775;0.1279;0.4279
-1716816;12323966;0.2162;0.0128;0.1282;0.4323
-1566109;12072362;0.2170;0.0995;0.1255;0.4340
-1551561;12027798;0.2170;0.1078;0.1251;0.4340
-1552364;11992337;0.2184;0.1074;0.1247;0.4369
-1716168;12279614;0.2186;0.0132;0.1277;0.4372
-1715715;12250522;0.2187;0.0134;0.1274;0.4375
-1585210;12240781;0.2198;0.0885;0.1273;0.4395
-1538696;11943331;0.2221;0.1152;0.1242;0.4443
-1715033;12194175;0.2233;0.0138;0.1268;0.4467
-1536619;11849372;0.2245;0.1164;0.1232;0.4489
-1715203;12222338;0.2250;0.0137;0.1271;0.4500
-1713498;12066970;0.2258;0.0147;0.1255;0.4516
-1713401;11970047;0.2294;0.0148;0.1245;0.4588
-1714273;12160004;0.2302;0.0143;0.1265;0.4605
-1709564;11893334;0.2350;0.0170;0.1237;0.4699
-1711936;11947516;0.2376;0.0156;0.1242;0.4752
-1559302;11882038;0.2383;0.1034;0.1236;0.4766
-1712382;11911930;0.2396;0.0154;0.1239;0.4793
-1712049;11825128;0.2398;0.0155;0.1230;0.4795
-1710847;11784725;0.2419;0.0162;0.1225;0.4838
-1538156;11750753;0.2461;0.1155;0.1222;0.4921
-1707783;11719619;0.2467;0.0180;0.1219;0.4933
-1707538;11683354;0.2481;0.0181;0.1215;0.4962
-1707862;11614185;0.2501;0.0180;0.1208;0.5003
-1703060;11599891;0.2525;0.0207;0.1206;0.5051
-1704623;11571582;0.2557;0.0198;0.1203;0.5114
-1705919;11542792;0.2561;0.0191;0.1200;0.5122
-1701925;11505198;0.2565;0.0214;0.1196;0.5130
-1704199;11477300;0.2587;0.0201;0.1194;0.5175
-1702394;11417847;0.2600;0.0211;0.1187;0.5201
-1704461;11490803;0.2619;0.0199;0.1195;0.5238
-1702951;11383349;0.2638;0.0208;0.1184;0.5276
-1703104;11307055;0.2663;0.0207;0.1176;0.5326
-1699579;11182110;0.2700;0.0227;0.1163;0.5400
-1701332;11236925;0.2712;0.0217;0.1169;0.5423
-1700052;11206052;0.2736;0.0224;0.1165;0.5472
-1699041;11125560;0.2771;0.0230;0.1157;0.5543
-1696527;11081107;0.2772;0.0245;0.1152;0.5543
-1695391;11023544;0.2806;0.0251;0.1146;0.5613
-1694908;10898780;0.2823;0.0254;0.1133;0.5647
-1688716;10842905;0.2957;0.0290;0.1128;0.5914
-1689209;10869665;0.2972;0.0287;0.1130;0.5944
-1690455;10887393;0.2988;0.0280;0.1132;0.5977
-1675244;10767684;0.3004;0.0367;0.1120;0.6009
-1686930;10715737;0.3019;0.0300;0.1114;0.6039
-1687715;10770088;0.3034;0.0295;0.1120;0.6069
-1687423;10742497;0.3034;0.0297;0.1117;0.6069
-1688678;10819410;0.3049;0.0290;0.1125;0.6098
-1690927;10873420;0.3075;0.0277;0.1131;0.6150
-1689133;10810283;0.3075;0.0287;0.1124;0.6150
-1682733;10627812;0.3079;0.0324;0.1105;0.6159
-1684269;10700775;0.3081;0.0315;0.1113;0.6162
-1685202;10685330;0.3094;0.0310;0.1111;0.6188
-1682677;10608980;0.3094;0.0324;0.1103;0.6189
-1690188;10783711;0.3104;0.0281;0.1121;0.6209
-1687798;10756787;0.3104;0.0295;0.1119;0.6209
-1683121;10658699;0.3109;0.0322;0.1108;0.6217
-1681677;10550154;0.3123;0.0330;0.1097;0.6246
-1686663;10658766;0.3134;0.0301;0.1108;0.6267
-1678332;10530904;0.3146;0.0349;0.1095;0.6292
-1670415;10476850;0.3172;0.0395;0.1089;0.6344
-1685207;10642897;0.3173;0.0310;0.1107;0.6345
-1676931;10416637;0.3180;0.0357;0.1083;0.6361
-1683339;10605044;0.3191;0.0321;0.1103;0.6382
-1681682;10511349;0.3201;0.0330;0.1093;0.6402
-1682012;10420786;0.3208;0.0328;0.1084;0.6417
-1684380;10565696;0.3222;0.0315;0.1099;0.6445
-1683176;10501274;0.3263;0.0321;0.1092;0.6526
-1670763;10278392;0.3282;0.0393;0.1069;0.6564
-1679240;10395926;0.3295;0.0344;0.1081;0.6591
-1678664;10290354;0.3303;0.0347;0.1070;0.6606
-1668813;10159464;0.3322;0.0404;0.1056;0.6643
-1675188;10195695;0.3343;0.0367;0.1060;0.6685
-1665214;10065823;0.3436;0.0425;0.1047;0.6872
-1667892;10124087;0.3444;0.0409;0.1053;0.6887
-1658456;10047378;0.3448;0.0464;0.1045;0.6897
-1662400;10032262;0.3508;0.0441;0.1043;0.7016
-1668281;10108143;0.3516;0.0407;0.1051;0.7031
-1659648;9900880;0.3585;0.0457;0.1030;0.7170
-1663648;10033449;0.3585;0.0434;0.1043;0.7170
-1651252;9895758;0.3629;0.0505;0.1029;0.7259
-1654156;9809055;0.3644;0.0488;0.1020;0.7289
-1647407;9670259;0.3724;0.0527;0.1006;0.7448
-1649705;9776646;0.3774;0.0514;0.1017;0.7549
-1646180;9641470;0.3794;0.0534;0.1003;0.7588
-1109166;0;0.3807;0.3622;-0.0000;0.7615
-1644959;9628429;0.3814;0.0541;0.1001;0.7629
-1121714;0;0.3820;0.3550;-0.0000;0.7639
-1144390;0;0.3829;0.3420;-0.0000;0.7658
-1641434;9493252;0.3833;0.0562;0.0987;0.7667
-1162520;0;0.3854;0.3315;-0.0000;0.7708
-1175677;0;0.3868;0.3240;-0.0000;0.7736
-1181220;0;0.3895;0.3208;-0.0000;0.7790
-1183767;0;0.3901;0.3193;-0.0000;0.7801
-1195782;0;0.3906;0.3124;-0.0000;0.7813
-1205230;0;0.3910;0.3070;-0.0000;0.7820
-1209035;0;0.3920;0.3048;-0.0000;0.7840
-1210169;0;0.3934;0.3041;-0.0000;0.7869
-1226995;0;0.3935;0.2945;-0.0000;0.7870
-1227887;0;0.3947;0.2939;-0.0000;0.7895
-1230411;0;0.3967;0.2925;-0.0000;0.7933
-1241638;0;0.3969;0.2860;-0.0000;0.7939
-1243459;0;0.3973;0.2850;-0.0000;0.7946
-1244374;0;0.3984;0.2845;-0.0000;0.7969
-1245517;0;0.3986;0.2838;-0.0000;0.7972
-1261128;0;0.4004;0.2748;-0.0000;0.8008
-1267017;0;0.4022;0.2714;-0.0000;0.8044
-1269416;0;0.4029;0.2701;-0.0000;0.8058
-1272813;0;0.4045;0.2681;-0.0000;0.8090
-1282853;0;0.4063;0.2623;-0.0000;0.8126
-1285491;0;0.4069;0.2608;-0.0000;0.8139
-1287955;0;0.4072;0.2594;-0.0000;0.8145
-1292700;0;0.4097;0.2567;-0.0000;0.8193
-1294006;0;0.4111;0.2559;-0.0000;0.8221
-1295518;0;0.4134;0.2551;-0.0000;0.8267
-1297201;0;0.4138;0.2541;-0.0000;0.8276
-1310311;0;0.4141;0.2466;-0.0000;0.8282
-1312665;0;0.4153;0.2452;-0.0000;0.8306
-1313295;0;0.4166;0.2448;-0.0000;0.8333
-1318079;0;0.4177;0.2421;-0.0000;0.8354
-1318147;0;0.4184;0.2420;-0.0000;0.8367
-1333297;7839717;0.4185;0.2333;0.0815;0.8371
-1324437;0;0.4187;0.2384;-0.0000;0.8375
-1325374;7433115;0.4194;0.2379;0.0773;0.8388
-1327455;0;0.4198;0.2367;-0.0000;0.8396
-1368967;7895064;0.4199;0.2128;0.0821;0.8398
-1333290;0;0.4232;0.2333;-0.0000;0.8464
-1450118;6986817;0.4241;0.1662;0.0727;0.8482
-1339385;0;0.4243;0.2298;-0.0000;0.8486
-1442779;6844881;0.4249;0.1704;0.0712;0.8499
-1340512;0;0.4250;0.2292;-0.0000;0.8501
-1476712;7181601;0.4251;0.1509;0.0747;0.8502
-1443559;6638975;0.4257;0.1699;0.0690;0.8514
-1444522;6666812;0.4257;0.1694;0.0693;0.8514
-1471349;6838672;0.4257;0.1540;0.0711;0.8514
-1344720;0;0.4262;0.2268;-0.0000;0.8524
-1475623;7141473;0.4265;0.1515;0.0743;0.8530
-1345622;0;0.4271;0.2262;-0.0000;0.8543
-1469299;6774292;0.4274;0.1551;0.0704;0.8549
-1489341;6849560;0.4278;0.1436;0.0712;0.8556
-1458026;6524918;0.4288;0.1616;0.0679;0.8576
-1458989;6552755;0.4288;0.1611;0.0681;0.8576
-1469173;6762001;0.4288;0.1552;0.0703;0.8576
-1347403;0;0.4291;0.2252;-0.0000;0.8582
-1349980;0;0.4292;0.2237;-0.0000;0.8583
-1528160;7113995;0.4293;0.1213;0.0740;0.8587
-1537981;7238967;0.4301;0.1156;0.0753;0.8602
-1533581;7112196;0.4301;0.1182;0.0740;0.8602
-1457900;6512627;0.4301;0.1617;0.0677;0.8603
-1533133;7012948;0.4308;0.1184;0.0729;0.8616
-1525997;6865354;0.4309;0.1225;0.0714;0.8618
-1358819;0;0.4314;0.2187;-0.0000;0.8627
-1537776;7175131;0.4314;0.1158;0.0746;0.8628
-1540527;7042929;0.4315;0.1142;0.0732;0.8629
-1544488;7200719;0.4321;0.1119;0.0749;0.8642
-1468780;6518866;0.4326;0.1554;0.0678;0.8653
-1546150;7028390;0.4335;0.1109;0.0731;0.8670
-1359316;0;0.4338;0.2184;-0.0000;0.8675
-1480500;6519161;0.4340;0.1487;0.0678;0.8680
-1362384;0;0.4341;0.2166;-0.0000;0.8683
-1527587;6659923;0.4341;0.1216;0.0693;0.8683
-1364082;0;0.4347;0.2156;-0.0000;0.8693
-1547522;7158440;0.4348;0.1102;0.0744;0.8696
-1368410;0;0.4351;0.2131;-0.0000;0.8703
-1556050;7269692;0.4353;0.1052;0.0756;0.8707
-1527461;6647633;0.4355;0.1217;0.0691;0.8709
-1544053;6942395;0.4355;0.1121;0.0722;0.8710
-1453927;6293428;0.4360;0.1640;0.0654;0.8720
-1512202;6538240;0.4360;0.1305;0.0680;0.8721
-1541418;6853270;0.4362;0.1137;0.0713;0.8723
-1529943;6846741;0.4362;0.1203;0.0712;0.8724
-1527788;6724772;0.4362;0.1215;0.0699;0.8725
-1519588;6598749;0.4367;0.1262;0.0686;0.8734
-1371612;0;0.4369;0.2113;-0.0000;0.8739
-1374038;0;0.4374;0.2099;-0.0000;0.8748
-1572777;7083505;0.4378;0.0956;0.0737;0.8756
-1518499;6558622;0.4380;0.1268;0.0682;0.8760
-1375344;0;0.4386;0.2092;-0.0000;0.8772
-1523343;6534993;0.4387;0.1241;0.0680;0.8773
-1547158;6703973;0.4388;0.1104;0.0697;0.8776
-1558762;7075336;0.4388;0.1037;0.0736;0.8776
-1554349;6756375;0.4388;0.1062;0.0703;0.8776
-1553916;6743152;0.4388;0.1065;0.0701;0.8776
-1378520;0;0.4395;0.2073;-0.0000;0.8790
-1556227;6640502;0.4396;0.1051;0.0691;0.8792
-1456064;6092957;0.4396;0.1627;0.0634;0.8792
-1379261;0;0.4399;0.2069;-0.0000;0.8798
-1569743;6837510;0.4400;0.0974;0.0711;0.8800
-1626263;9468535;0.4404;0.0649;0.0985;0.8808
-1580928;7232120;0.4406;0.0909;0.0752;0.8811
-1527805;6424953;0.4406;0.1215;0.0668;0.8812
-1575366;6826275;0.4413;0.0941;0.0710;0.8825
-1382974;0;0.4414;0.2048;-0.0000;0.8827
-1530015;6596227;0.4416;0.1202;0.0686;0.8831
-1462994;6176168;0.4417;0.1588;0.0642;0.8833
-1384102;0;0.4419;0.2041;-0.0000;0.8838
-1547689;6576805;0.4419;0.1101;0.0684;0.8839
-1567090;6698257;0.4423;0.0989;0.0697;0.8847
-1385166;0;0.4424;0.2035;-0.0000;0.8847
-1563467;6634076;0.4426;0.1010;0.0690;0.8853
-1497307;6077070;0.4432;0.1390;0.0632;0.8865
-1502632;6227846;0.4432;0.1360;0.0648;0.8865
-1502054;6174146;0.4433;0.1363;0.0642;0.8867
-1385407;0;0.4436;0.2034;-0.0000;0.8872
-1520463;6279730;0.4436;0.1257;0.0653;0.8872
-1387195;0;0.4437;0.2023;-0.0000;0.8875
-1568155;6434367;0.4441;0.0983;0.0669;0.8882
-1457683;5960694;0.4441;0.1618;0.0620;0.8882
-1390348;0;0.4442;0.2005;-0.0000;0.8884
-1519479;6177362;0.4442;0.1263;0.0642;0.8884
-1552197;6426207;0.4442;0.1075;0.0668;0.8885
-1390594;0;0.4450;0.2004;-0.0000;0.8900
-1487650;6019220;0.4453;0.1446;0.0626;0.8906
-1585258;6617179;0.4453;0.0885;0.0688;0.8907
-1559671;6405143;0.4455;0.1032;0.0666;0.8910
-1558754;6354446;0.4457;0.1037;0.0661;0.8914
-1586950;6650244;0.4458;0.0875;0.0692;0.8916
-1626580;9187742;0.4459;0.0647;0.0955;0.8917
-1514855;6040174;0.4459;0.1289;0.0628;0.8919
-1595329;7195309;0.4460;0.0827;0.0748;0.8920
-1391757;0;0.4462;0.1997;-0.0000;0.8924
-1497801;5981554;0.4462;0.1387;0.0622;0.8925
-1565910;6414537;0.4463;0.0996;0.0667;0.8926
-1627045;9296454;0.4464;0.0644;0.0967;0.8927
-1627805;9195472;0.4465;0.0640;0.0956;0.8929
-1591649;6531973;0.4465;0.0848;0.0679;0.8930
-1393895;0;0.4466;0.1985;-0.0000;0.8931
-1594791;7055817;0.4466;0.0830;0.0734;0.8933
-1497293;5946549;0.4468;0.1390;0.0618;0.8936
-1514794;5989018;0.4471;0.1290;0.0623;0.8941
-1513117;5947644;0.4471;0.1299;0.0618;0.8943
-1571603;6475324;0.4471;0.0963;0.0673;0.8943
-1595965;7023166;0.4472;0.0823;0.0730;0.8944
-1502606;5915529;0.4473;0.1360;0.0615;0.8946
-1570738;6345623;0.4476;0.0968;0.0660;0.8951
-1627648;9176676;0.4476;0.0641;0.0954;0.8952
-1623695;9106401;0.4476;0.0664;0.0947;0.8952
-1579234;6386422;0.4477;0.0919;0.0664;0.8954
-1593020;6685465;0.4478;0.0840;0.0695;0.8957
-1561367;6240167;0.4480;0.1022;0.0649;0.8961
-1522783;6155918;0.4481;0.1244;0.0640;0.8962
-1627225;9134099;0.4482;0.0643;0.0950;0.8963
-1583701;6468434;0.4482;0.0893;0.0673;0.8964
-1585961;6440220;0.4483;0.0880;0.0670;0.8966
-1514964;5911345;0.4488;0.1289;0.0615;0.8975
-1538826;5967665;0.4488;0.1152;0.0621;0.8976
-1539530;6067368;0.4488;0.1147;0.0631;0.8977
-1591818;6454100;0.4489;0.0847;0.0671;0.8977
-1557472;6076122;0.4490;0.1044;0.0632;0.8979
-1402420;0;0.4490;0.1936;-0.0000;0.8980
-1402439;0;0.4490;0.1936;-0.0000;0.8980
-1622007;8968032;0.4492;0.0673;0.0933;0.8984
-1539022;6032363;0.4494;0.1150;0.0627;0.8988
-1591584;6428985;0.4494;0.0848;0.0669;0.8988
-1402472;0;0.4494;0.1936;-0.0000;0.8989
-1570854;6180523;0.4496;0.0967;0.0643;0.8992
-1569513;6161334;0.4497;0.0975;0.0641;0.8993
-1575699;6187470;0.4497;0.0939;0.0643;0.8993
-1575266;6174248;0.4497;0.0942;0.0642;0.8993
-1581157;6166149;0.4503;0.0908;0.0641;0.9006
-1510857;5809795;0.4504;0.1312;0.0604;0.9008
-1603455;6682085;0.4504;0.0780;0.0695;0.9008
-1495273;5725677;0.4504;0.1402;0.0595;0.9009
-1485030;5681004;0.4511;0.1461;0.0591;0.9023
-1552953;5983114;0.4513;0.1070;0.0622;0.9025
-1572741;6049348;0.4513;0.0957;0.0629;0.9026
-1585954;6207095;0.4514;0.0881;0.0645;0.9027
-1494217;5689619;0.4515;0.1408;0.0592;0.9030
-1590144;6159221;0.4515;0.0856;0.0640;0.9030
-1581864;6149216;0.4516;0.0904;0.0639;0.9031
-1606181;6408051;0.4516;0.0764;0.0666;0.9033
-1495096;5710529;0.4520;0.1403;0.0594;0.9041
-1602140;6103175;0.4522;0.0787;0.0635;0.9043
-1573670;6028205;0.4524;0.0951;0.0627;0.9048
-1518548;5898606;0.4524;0.1268;0.0613;0.9048
-1493314;5666921;0.4525;0.1413;0.0589;0.9050
-1511024;5732324;0.4525;0.1311;0.0596;0.9051
-1528603;5763034;0.4526;0.1210;0.0599;0.9052
-1605585;6355066;0.4528;0.0768;0.0661;0.9056
-1592271;6027896;0.4531;0.0844;0.0627;0.9062
-1483805;5595921;0.4532;0.1468;0.0582;0.9064
-1511888;5654414;0.4533;0.1306;0.0588;0.9067
-1511888;5646339;0.4534;0.1306;0.0587;0.9068
-1590904;5920428;0.4534;0.0852;0.0616;0.9068
-1530109;5793166;0.4536;0.1202;0.0602;0.9071
-1536824;5792683;0.4537;0.1163;0.0602;0.9074
-1508684;5575562;0.4539;0.1325;0.0580;0.9077
-1508837;5624021;0.4539;0.1324;0.0585;0.9077
-1603900;6130522;0.4539;0.0777;0.0638;0.9077
-1489507;5559862;0.4541;0.1435;0.0578;0.9081
-1494915;5522044;0.4541;0.1404;0.0574;0.9081
-1577150;5914286;0.4541;0.0931;0.0615;0.9082
-1533369;5699674;0.4547;0.1183;0.0593;0.9094
-1507781;5544789;0.4549;0.1330;0.0577;0.9098
-1506512;5530980;0.4549;0.1337;0.0575;0.9098
-1607030;6179963;0.4549;0.0759;0.0643;0.9098
-1602097;6057293;0.4549;0.0788;0.0630;0.9098
-1600431;6037378;0.4549;0.0797;0.0628;0.9098
-1505030;5481864;0.4554;0.1346;0.0570;0.9108
-1535594;5749585;0.4554;0.1170;0.0598;0.9109
-1599948;6025557;0.4558;0.0800;0.0627;0.9117
-1505456;5494922;0.4559;0.1343;0.0571;0.9118
-1605312;6037505;0.4559;0.0769;0.0628;0.9118
-1604879;6024283;0.4559;0.0772;0.0626;0.9118
-1560415;5769168;0.4560;0.1027;0.0600;0.9120
-1513766;5538243;0.4560;0.1296;0.0576;0.9121
-1503974;5424955;0.4564;0.1352;0.0564;0.9128
-1601167;5957367;0.4564;0.0793;0.0620;0.9129
-1583810;5859226;0.4565;0.0893;0.0609;0.9130
-1577366;5773016;0.4566;0.0930;0.0600;0.9132
-1603076;5951053;0.4569;0.0782;0.0619;0.9139
-1524820;5596644;0.4576;0.1232;0.0582;0.9152
-1596695;5796275;0.4577;0.0819;0.0603;0.9154
-1599984;5839331;0.4578;0.0800;0.0607;0.9157
-1601782;5893204;0.4580;0.0790;0.0613;0.9159
-1577110;5715229;0.4581;0.0931;0.0594;0.9162
-1601852;5803788;0.4583;0.0789;0.0604;0.9166
-1545050;5517976;0.4587;0.1116;0.0574;0.9173
-1551790;5627700;0.4587;0.1077;0.0585;0.9174
-1568684;5588802;0.4588;0.0980;0.0581;0.9177
-1508672;5427153;0.4589;0.1325;0.0564;0.9178
-1598327;5680051;0.4592;0.0809;0.0591;0.9183
-1570728;5575751;0.4593;0.0968;0.0580;0.9186
-1507309;5359578;0.4593;0.1333;0.0557;0.9186
-1600776;5791121;0.4594;0.0795;0.0602;0.9189
-1580569;5615969;0.4595;0.0911;0.0584;0.9190
-1558993;5455567;0.4596;0.1036;0.0567;0.9192
-1596624;5641770;0.4597;0.0819;0.0587;0.9193
-1577365;5572214;0.4600;0.0930;0.0579;0.9199
-1599702;5781211;0.4604;0.0801;0.0601;0.9208
-1599194;5746207;0.4609;0.0804;0.0598;0.9218
-1593410;5584268;0.4611;0.0838;0.0581;0.9222
-1571177;5376218;0.4616;0.0965;0.0559;0.9232
-1598942;5649086;0.4617;0.0806;0.0587;0.9234
-1573577;5472133;0.4617;0.0952;0.0569;0.9234
-1595669;5621262;0.4617;0.0825;0.0585;0.9235
-1564534;5339521;0.4620;0.1004;0.0555;0.9241
-1589832;5540228;0.4621;0.0858;0.0576;0.9241
-1595417;5538229;0.4625;0.0826;0.0576;0.9251
-1585903;5489855;0.4625;0.0881;0.0571;0.9251
-1570203;5342789;0.4627;0.0971;0.0556;0.9253
-1595697;5570772;0.4630;0.0825;0.0579;0.9260
-1563560;5306092;0.4631;0.1009;0.0552;0.9262
-1577470;5446151;0.4631;0.0929;0.0566;0.9263
-1573954;5264342;0.4638;0.0950;0.0547;0.9276
-1592063;5395951;0.4645;0.0845;0.0561;0.9291
-1596432;5526438;0.4646;0.0820;0.0575;0.9292
-1402926;2580310;0.4647;0.1933;0.0268;0.9293
-1571629;5206400;0.4647;0.0963;0.0541;0.9294
-1595330;5465789;0.4647;0.0827;0.0568;0.9294
-1403451;2124661;0.4647;0.1930;0.0221;0.9294
-1403229;2026936;0.4648;0.1931;0.0211;0.9296
-1595932;5502225;0.4648;0.0823;0.0572;0.9297
-1592554;5378441;0.4652;0.0843;0.0559;0.9303
-1403705;2387126;0.4652;0.1928;0.0248;0.9303
-1404678;2810648;0.4652;0.1923;0.0292;0.9305
-1592907;5415581;0.4654;0.0841;0.0563;0.9308
-1589838;5377737;0.4654;0.0858;0.0559;0.9308
-1405885;2364317;0.4656;0.1916;0.0246;0.9312
-1594356;5432360;0.4657;0.0832;0.0565;0.9315
-1406804;2618972;0.4660;0.1911;0.0272;0.9320
-1584126;5376901;0.4661;0.0891;0.0559;0.9322
-1591364;5376097;0.4663;0.0849;0.0559;0.9326
-1404616;1573038;0.4663;0.1923;0.0164;0.9326
-1404502;1556284;0.4663;0.1924;0.0162;0.9326
-1402595;1272824;0.4664;0.1935;0.0132;0.9328
-1590831;5307415;0.4665;0.0852;0.0552;0.9330
-1589473;5265205;0.4665;0.0860;0.0548;0.9330
-1587627;5228563;0.4669;0.0871;0.0544;0.9339
-1581812;5160649;0.4671;0.0904;0.0537;0.9342
-1406810;2671723;0.4671;0.1911;0.0278;0.9342
-1405456;1406259;0.4673;0.1918;0.0146;0.9345
-1405609;1591102;0.4673;0.1918;0.0165;0.9347
-1588506;5249473;0.4674;0.0866;0.0546;0.9347
-1405700;1623090;0.4674;0.1917;0.0169;0.9348
-1407162;1874745;0.4676;0.1909;0.0195;0.9352
-1585373;5181352;0.4677;0.0884;0.0539;0.9353
-1406534;1350374;0.4677;0.1912;0.0140;0.9354
-1406473;1311485;0.4677;0.1913;0.0136;0.9354
-1403168;975130;0.4677;0.1932;0.0101;0.9354
-1402565;819670;0.4677;0.1935;0.0085;0.9354
-1586724;5205865;0.4678;0.0876;0.0541;0.9356
-1585003;5171407;0.4678;0.0886;0.0538;0.9356
-1408575;2023708;0.4678;0.1900;0.0210;0.9356
-1587849;5226120;0.4680;0.0870;0.0543;0.9360
-1408431;1909671;0.4681;0.1901;0.0199;0.9361
-1583891;5132235;0.4681;0.0892;0.0534;0.9361
-1405976;1174434;0.4683;0.1915;0.0122;0.9367
-1579505;5093887;0.4684;0.0918;0.0530;0.9367
-1405629;1073035;0.4685;0.1917;0.0112;0.9370
-1584399;5147923;0.4686;0.0889;0.0535;0.9373
-1407472;1470202;0.4687;0.1907;0.0153;0.9374
-1405467;1059447;0.4688;0.1918;0.0110;0.9375
-1404864;903987;0.4688;0.1922;0.0094;0.9375
-1413286;2344827;0.4688;0.1873;0.0244;0.9376
-1411611;2217954;0.4688;0.1883;0.0231;0.9376
-1405194;877413;0.4690;0.1920;0.0091;0.9380
-1411884;1779698;0.4690;0.1881;0.0185;0.9381
-1582917;5098807;0.4690;0.0898;0.0530;0.9381
-1407442;1321177;0.4691;0.1907;0.0137;0.9381
-1403131;836190;0.4693;0.1932;0.0087;0.9385
-1406545;1004517;0.4693;0.1912;0.0104;0.9386
-1406011;889530;0.4694;0.1915;0.0093;0.9388
-1409985;1378254;0.4694;0.1892;0.0143;0.9388
-1407928;1157351;0.4695;0.1904;0.0120;0.9391
-1414835;2316780;0.4696;0.1864;0.0241;0.9393
-1404383;798291;0.4696;0.1925;0.0083;0.9393
-1407809;1123553;0.4697;0.1905;0.0117;0.9394
-1415585;2429144;0.4698;0.1860;0.0253;0.9396
-1407324;996004;0.4698;0.1908;0.0104;0.9397
-1413264;1737075;0.4699;0.1874;0.0181;0.9398
-1413726;2094322;0.4699;0.1871;0.0218;0.9398
-1407745;949662;0.4700;0.1905;0.0099;0.9400
-1415758;2112546;0.4701;0.1859;0.0220;0.9402
-1415975;2332705;0.4702;0.1858;0.0243;0.9405
-1412830;1697223;0.4702;0.1876;0.0176;0.9405
-1410070;1088834;0.4704;0.1892;0.0113;0.9409
-1411312;1234445;0.4705;0.1885;0.0128;0.9409
-1416097;2186237;0.4705;0.1857;0.0227;0.9410
-1414496;1897155;0.4706;0.1866;0.0197;0.9411
-1417884;2392055;0.4706;0.1847;0.0249;0.9413
-1409862;983151;0.4707;0.1893;0.0102;0.9415
-1415847;1670722;0.4708;0.1859;0.0174;0.9416
-1416488;2151410;0.4708;0.1855;0.0224;0.9417
-1413986;1471342;0.4709;0.1869;0.0153;0.9417
-1416504;2319809;0.4709;0.1855;0.0241;0.9419
-1416876;2134972;0.4710;0.1853;0.0222;0.9420
-1414112;1563229;0.4710;0.1869;0.0163;0.9420
-1410044;1033978;0.4710;0.1892;0.0108;0.9420
-1559514;5075468;0.4710;0.1033;0.0528;0.9421
-1410323;918576;0.4711;0.1890;0.0096;0.9422
-1414258;1317505;0.4713;0.1868;0.0137;0.9425
-1416431;1936942;0.4713;0.1855;0.0201;0.9426
-1565179;5030682;0.4715;0.1000;0.0523;0.9430
-1411638;970424;0.4715;0.1883;0.0101;0.9431
-1417210;1885677;0.4718;0.1851;0.0196;0.9436
-1416285;1555658;0.4719;0.1856;0.0162;0.9437
-1416958;1456531;0.4719;0.1852;0.0151;0.9438
-1414121;1164809;0.4720;0.1869;0.0121;0.9439
-1413141;1092057;0.4720;0.1874;0.0114;0.9439
-1412855;1066553;0.4720;0.1876;0.0111;0.9439
-1406694;909521;0.4720;0.1911;0.0095;0.9441
-1415341;1228777;0.4724;0.1862;0.0128;0.9448
-1573134;4995022;0.4725;0.0954;0.0519;0.9450
-1417474;1650893;0.4726;0.1849;0.0172;0.9451
-1417000;1505784;0.4726;0.1852;0.0157;0.9451
-1415847;1225052;0.4726;0.1859;0.0127;0.9452
-1405204;869783;0.4726;0.1920;0.0090;0.9452
-1418649;1820421;0.4727;0.1843;0.0189;0.9454
-1415670;1074244;0.4727;0.1860;0.0112;0.9455
-1406035;867367;0.4728;0.1915;0.0090;0.9456
-1417680;1190798;0.4729;0.1848;0.0124;0.9458
-1575010;5038219;0.4729;0.0943;0.0524;0.9458
-1418213;1649991;0.4732;0.1845;0.0172;0.9465
-1418065;1222768;0.4734;0.1846;0.0127;0.9467
-1418918;2245231;0.4735;0.1841;0.0233;0.9470
-1417822;1193495;0.4735;0.1847;0.0124;0.9471
-1413126;973688;0.4737;0.1874;0.0101;0.9474
-1410531;859633;0.4738;0.1889;0.0089;0.9476
-1419743;1175682;0.4739;0.1836;0.0122;0.9478
-1417351;1094445;0.4739;0.1850;0.0114;0.9478
-1411267;849870;0.4739;0.1885;0.0088;0.9479
-1413650;872689;0.4742;0.1871;0.0091;0.9484
-1414986;910058;0.4742;0.1864;0.0095;0.9485
-1414148;883643;0.4742;0.1868;0.0092;0.9485
-1420809;1959734;0.4743;0.1830;0.0204;0.9487
-1420069;1886067;0.4745;0.1834;0.0196;0.9489
-1421727;2913719;0.4745;0.1825;0.0303;0.9489
-1421194;2894119;0.4745;0.1828;0.0301;0.9489
-1420906;1256271;0.4746;0.1830;0.0131;0.9492
-1417193;948607;0.4746;0.1851;0.0099;0.9492
-1415172;894315;0.4746;0.1863;0.0093;0.9492
-1422160;2920158;0.4748;0.1822;0.0304;0.9497
-1417379;932863;0.4750;0.1850;0.0097;0.9500
-1418951;1009322;0.4750;0.1841;0.0105;0.9500
-1421849;2151882;0.4751;0.1824;0.0224;0.9503
-1420931;1501505;0.4752;0.1829;0.0156;0.9503
-1422346;3314574;0.4752;0.1821;0.0345;0.9504
-1421282;1400704;0.4752;0.1827;0.0146;0.9505
-1419204;994613;0.4754;0.1839;0.0103;0.9507
-1425148;3535459;0.4754;0.1805;0.0368;0.9508
-1423763;2409540;0.4754;0.1813;0.0251;0.9509
-1421685;1641168;0.4755;0.1825;0.0171;0.9510
-1422125;1562330;0.4755;0.1823;0.0162;0.9511
-1422693;1998715;0.4756;0.1819;0.0208;0.9512
-1424324;2088220;0.4757;0.1810;0.0217;0.9514
-1421609;1452341;0.4758;0.1826;0.0151;0.9516
-1422194;1633474;0.4758;0.1822;0.0170;0.9517
-1422583;1818129;0.4758;0.1820;0.0189;0.9517
-1420257;1052950;0.4759;0.1833;0.0109;0.9517
-1421551;1286864;0.4760;0.1826;0.0134;0.9521
-1423441;1950051;0.4761;0.1815;0.0203;0.9523
-1426010;2351754;0.4762;0.1800;0.0245;0.9524
-1424296;2079141;0.4762;0.1810;0.0216;0.9524
-1422136;1590780;0.4762;0.1823;0.0165;0.9525
-1422582;1329302;0.4764;0.1820;0.0138;0.9527
-1423652;1870926;0.4764;0.1814;0.0195;0.9527
-1423106;1818848;0.4764;0.1817;0.0189;0.9527
-1427031;4007364;0.4764;0.1794;0.0417;0.9528
-1420363;980379;0.4764;0.1833;0.0102;0.9528
-1421742;1214038;0.4765;0.1825;0.0126;0.9529
-1419976;960609;0.4765;0.1835;0.0100;0.9530
-1425125;2312937;0.4765;0.1805;0.0241;0.9530
-1423923;1829382;0.4765;0.1812;0.0190;0.9530
-1423365;1793579;0.4765;0.1815;0.0187;0.9531
-1425228;1886044;0.4766;0.1805;0.0196;0.9531
-1424507;1753261;0.4766;0.1809;0.0182;0.9531
-1424011;1715900;0.4766;0.1812;0.0178;0.9532
-1422774;1508172;0.4766;0.1819;0.0157;0.9532
-1422219;1088324;0.4766;0.1822;0.0113;0.9532
-1423731;1521045;0.4766;0.1813;0.0158;0.9532
-1420935;1073914;0.4767;0.1829;0.0112;0.9533
-1424063;1564832;0.4767;0.1811;0.0163;0.9534
-1423717;1467096;0.4767;0.1813;0.0153;0.9534
-1420441;1055841;0.4767;0.1832;0.0110;0.9534
-1427825;3399308;0.4769;0.1790;0.0353;0.9537
-1424109;1738391;0.4770;0.1811;0.0181;0.9539
-1422866;1453027;0.4770;0.1818;0.0151;0.9539
-1423493;1118360;0.4770;0.1815;0.0116;0.9539
-1426088;1943406;0.4770;0.1800;0.0202;0.9541
-1426967;1850486;0.4772;0.1795;0.0192;0.9543
-1425799;1706513;0.4772;0.1801;0.0177;0.9544
-1425175;1539843;0.4773;0.1805;0.0160;0.9546
-1424316;1466842;0.4773;0.1810;0.0153;0.9546
-1428352;3023665;0.4774;0.1787;0.0314;0.9548
-1424346;1331353;0.4774;0.1810;0.0138;0.9549
-1420687;988747;0.4775;0.1831;0.0103;0.9551
-1428099;2424128;0.4776;0.1788;0.0252;0.9552
-1428034;1872615;0.4776;0.1789;0.0195;0.9553
-1425088;1518459;0.4776;0.1806;0.0158;0.9553
-1426086;1809757;0.4777;0.1800;0.0188;0.9553
-1424415;1476532;0.4777;0.1809;0.0154;0.9553
-1424580;1457554;0.4778;0.1808;0.0152;0.9557
-1422496;1095445;0.4778;0.1820;0.0114;0.9557
-1427223;1817346;0.4779;0.1793;0.0189;0.9557
-1421102;1034782;0.4779;0.1828;0.0108;0.9558
-1428572;3048216;0.4779;0.1785;0.0317;0.9558
-1427554;1578510;0.4780;0.1791;0.0164;0.9560
-1425519;1545699;0.4780;0.1803;0.0161;0.9560
-1424000;1209476;0.4780;0.1812;0.0126;0.9560
-1422625;1112759;0.4781;0.1820;0.0116;0.9562
-1425376;1461040;0.4781;0.1804;0.0152;0.9562
-1422217;1065358;0.4781;0.1822;0.0111;0.9562
-1421523;1061819;0.4781;0.1826;0.0110;0.9563
-1424563;1290293;0.4781;0.1809;0.0134;0.9563
-1424085;1216437;0.4781;0.1811;0.0126;0.9563
-1428115;1968652;0.4782;0.1788;0.0205;0.9564
-1424137;1266334;0.4783;0.1811;0.0132;0.9566
-1428784;2709699;0.4784;0.1784;0.0282;0.9567
-1427694;1537016;0.4784;0.1791;0.0160;0.9567
-1424972;1398438;0.4784;0.1806;0.0145;0.9567
-1426799;1410430;0.4784;0.1796;0.0147;0.9567
-1424551;1109526;0.4784;0.1809;0.0115;0.9567
-1432130;2783986;0.4784;0.1765;0.0290;0.9567
-1429107;2148174;0.4784;0.1782;0.0223;0.9568
-1427183;1454563;0.4785;0.1793;0.0151;0.9570
-1429321;2749343;0.4785;0.1781;0.0286;0.9570
-1423165;1099978;0.4785;0.1817;0.0114;0.9571
-1427805;1663179;0.4785;0.1790;0.0173;0.9571
-1422672;1050379;0.4786;0.1819;0.0109;0.9571
-1424130;1086820;0.4786;0.1811;0.0113;0.9572
-1424811;1276391;0.4787;0.1807;0.0133;0.9573
-1425589;1296299;0.4787;0.1803;0.0135;0.9574
-1425709;1336693;0.4787;0.1802;0.0139;0.9574
-1425061;1222586;0.4787;0.1806;0.0127;0.9574
-1432384;3401508;0.4787;0.1764;0.0354;0.9574
-1428305;1912175;0.4788;0.1787;0.0199;0.9575
-1425138;1154696;0.4788;0.1805;0.0120;0.9575
-1427840;1625930;0.4788;0.1790;0.0169;0.9577
-1426731;1317008;0.4788;0.1796;0.0137;0.9577
-1430843;2168634;0.4789;0.1772;0.0226;0.9579
-1427991;1850183;0.4790;0.1789;0.0192;0.9579
-1428729;2090432;0.4790;0.1785;0.0217;0.9580
-1426240;1174049;0.4791;0.1799;0.0122;0.9581
-1425534;1131935;0.4791;0.1803;0.0118;0.9581
-1427622;1465695;0.4791;0.1791;0.0152;0.9581
-1426285;1244968;0.4791;0.1799;0.0129;0.9581
-1424561;1092761;0.4791;0.1809;0.0114;0.9582
-1430636;1703401;0.4791;0.1774;0.0177;0.9582
-1429981;1553364;0.4791;0.1777;0.0162;0.9582
-1426722;1260186;0.4792;0.1796;0.0131;0.9583
-1426584;1163159;0.4792;0.1797;0.0121;0.9583
-1425766;1138721;0.4792;0.1802;0.0118;0.9584
-1425449;1112311;0.4793;0.1803;0.0116;0.9585
-1427288;1410953;0.4793;0.1793;0.0147;0.9586
-1427247;1328886;0.4794;0.1793;0.0138;0.9588
-1428583;1451094;0.4794;0.1785;0.0151;0.9588
-1428655;1520506;0.4794;0.1785;0.0158;0.9588
-1433455;3549794;0.4794;0.1757;0.0369;0.9588
-1429081;1373300;0.4794;0.1783;0.0143;0.9589
-1441889;4409002;0.4794;0.1709;0.0458;0.9589
-1425965;1115866;0.4795;0.1800;0.0116;0.9590
-1428342;1199889;0.4795;0.1787;0.0125;0.9590
-1428791;1333306;0.4795;0.1784;0.0139;0.9590
-1429296;1446101;0.4796;0.1781;0.0150;0.9592
-1431345;2134567;0.4796;0.1770;0.0222;0.9592
-1432357;2468499;0.4796;0.1764;0.0257;0.9593
-1426969;1184794;0.4796;0.1795;0.0123;0.9593
-1429365;1533044;0.4797;0.1781;0.0159;0.9595
-1428903;1276338;0.4797;0.1784;0.0133;0.9595
-1427223;1196458;0.4797;0.1793;0.0124;0.9595
-1433804;3818146;0.4797;0.1755;0.0397;0.9595
-1428199;1183742;0.4798;0.1788;0.0123;0.9595
-1427049;1170228;0.4798;0.1794;0.0122;0.9595
-1431390;1779279;0.4798;0.1769;0.0185;0.9596
-1427398;1181591;0.4798;0.1792;0.0123;0.9597
-1428414;1231857;0.4799;0.1786;0.0128;0.9598
-1431973;1535920;0.4799;0.1766;0.0160;0.9598
-1430246;1266564;0.4801;0.1776;0.0132;0.9601
-1434868;3861963;0.4801;0.1749;0.0402;0.9601
-1426668;1141286;0.4802;0.1796;0.0119;0.9603
-1433215;2349697;0.4802;0.1759;0.0244;0.9604
-1431249;1358064;0.4802;0.1770;0.0141;0.9604
-1429350;1248289;0.4802;0.1781;0.0130;0.9604
-1434625;3227708;0.4803;0.1751;0.0336;0.9606
-1442484;4397330;0.4803;0.1706;0.0457;0.9607
-1432131;1926737;0.4804;0.1765;0.0200;0.9607
-1433047;1938498;0.4804;0.1760;0.0202;0.9608
-1433634;1741419;0.4805;0.1756;0.0181;0.9609
-1432290;1527104;0.4805;0.1764;0.0159;0.9610
-1431818;1277356;0.4805;0.1767;0.0133;0.9610
-1429754;1227680;0.4805;0.1779;0.0128;0.9610
-1430057;1241392;0.4805;0.1777;0.0129;0.9611
-1433725;2138590;0.4806;0.1756;0.0222;0.9611
-1460073;4404617;0.4807;0.1604;0.0458;0.9614
-1428644;1197739;0.4807;0.1785;0.0125;0.9614
-1428783;1208983;0.4808;0.1784;0.0126;0.9617
-1432059;1352182;0.4808;0.1765;0.0141;0.9617
-1430044;1232177;0.4810;0.1777;0.0128;0.9621
-1429851;1229158;0.4810;0.1778;0.0128;0.9621
-1429525;1196375;0.4811;0.1780;0.0124;0.9621
-1430340;1263743;0.4811;0.1775;0.0131;0.9622
-1452919;4341500;0.4811;0.1645;0.0451;0.9622
-1433061;1426756;0.4812;0.1760;0.0148;0.9623
-1472544;4436820;0.4812;0.1533;0.0461;0.9623
-1435529;2060390;0.4812;0.1745;0.0214;0.9623
-1433991;1686610;0.4814;0.1754;0.0175;0.9627
-1432865;1292219;0.4814;0.1761;0.0134;0.9627
-1430919;1264531;0.4814;0.1772;0.0131;0.9627
-1430139;1261450;0.4814;0.1776;0.0131;0.9627
-1437321;2479253;0.4814;0.1735;0.0258;0.9629
-1433119;1395046;0.4815;0.1759;0.0145;0.9630
-1433597;1465778;0.4815;0.1757;0.0152;0.9630
-1433582;1320129;0.4815;0.1757;0.0137;0.9630
-1431975;1286450;0.4815;0.1766;0.0134;0.9630
-1430158;1230786;0.4815;0.1776;0.0128;0.9630
-1456951;4279988;0.4816;0.1622;0.0445;0.9632
-1432120;1275206;0.4817;0.1765;0.0133;0.9634
-1432207;1275257;0.4817;0.1765;0.0133;0.9634
-1433655;1368359;0.4817;0.1756;0.0142;0.9634
-1433611;1325708;0.4817;0.1757;0.0138;0.9634
-1433439;1310923;0.4817;0.1758;0.0136;0.9634
-1434191;1553846;0.4818;0.1753;0.0162;0.9636
-1434307;1466716;0.4818;0.1753;0.0153;0.9636
-1434440;1791822;0.4820;0.1752;0.0186;0.9640
-1433742;1373336;0.4820;0.1756;0.0143;0.9640
-1430663;1246494;0.4820;0.1773;0.0130;0.9640
-1434895;1409083;0.4821;0.1749;0.0147;0.9641
-1434216;1380663;0.4821;0.1753;0.0144;0.9642
-1434513;1375889;0.4821;0.1751;0.0143;0.9642
-1444329;4266034;0.4821;0.1695;0.0444;0.9643
-1434946;1390863;0.4823;0.1749;0.0145;0.9645
-1435067;1395081;0.4823;0.1748;0.0145;0.9646
-1433615;1338917;0.4823;0.1756;0.0139;0.9646
-1435232;1414241;0.4824;0.1747;0.0147;0.9648
-1434308;1357952;0.4826;0.1753;0.0141;0.9651
-1469388;4256396;0.4827;0.1551;0.0443;0.9654
-1435451;1406570;0.4827;0.1746;0.0146;0.9655
-1439610;2124320;0.4828;0.1722;0.0221;0.9656
-1435607;1422809;0.4829;0.1745;0.0148;0.9658
-1435872;1457881;0.4829;0.1744;0.0152;0.9658
-1435497;1406570;0.4829;0.1746;0.0146;0.9658
-1435677;1423768;0.4829;0.1745;0.0148;0.9658
-1476039;4262554;0.4829;0.1513;0.0443;0.9659
-1436832;1477529;0.4830;0.1738;0.0154;0.9661
-1499039;4253252;0.4835;0.1380;0.0442;0.9670
-1467347;4189185;0.4835;0.1563;0.0436;0.9670
-1436150;1438517;0.4835;0.1742;0.0150;0.9670
-1476005;4206760;0.4835;0.1513;0.0437;0.9671
-1510101;4277131;0.4836;0.1317;0.0445;0.9672
-1524247;4383237;0.4837;0.1235;0.0456;0.9673
-1463550;4157169;0.4838;0.1584;0.0432;0.9675
-1468387;4189367;0.4841;0.1557;0.0436;0.9682
-1438842;2079539;0.4847;0.1726;0.0216;0.9694
-1535291;4424062;0.4848;0.1172;0.0460;0.9697
-1495848;4128362;0.4848;0.1399;0.0429;0.9697
-1501499;4124836;0.4849;0.1366;0.0429;0.9698
-1440387;2070957;0.4849;0.1718;0.0215;0.9698
-1439187;1845996;0.4850;0.1724;0.0192;0.9700
-1437826;1650871;0.4850;0.1732;0.0172;0.9700
-1529178;4205578;0.4852;0.1207;0.0437;0.9703
-1440683;1952381;0.4852;0.1716;0.0203;0.9704
-1443647;4021592;0.4855;0.1699;0.0418;0.9709
-1441883;2201450;0.4855;0.1709;0.0229;0.9709
-1441816;1880471;0.4856;0.1709;0.0196;0.9711
-1470955;4023356;0.4856;0.1542;0.0418;0.9713
-1442340;2061090;0.4857;0.1706;0.0214;0.9713
-1536169;4244330;0.4857;0.1167;0.0441;0.9715
-1456406;3943833;0.4858;0.1625;0.0410;0.9716
-1441351;1735188;0.4858;0.1712;0.0180;0.9717
-1441828;2038946;0.4860;0.1709;0.0212;0.9720
-1522147;4145417;0.4860;0.1247;0.0431;0.9720
-1531461;4126145;0.4860;0.1194;0.0429;0.9721
-1485250;4022812;0.4860;0.1460;0.0418;0.9721
-1442409;2080782;0.4861;0.1706;0.0216;0.9722
-1527635;4116881;0.4862;0.1216;0.0428;0.9724
-1461867;3914607;0.4863;0.1594;0.0407;0.9726
-1558455;4520311;0.4864;0.1039;0.0470;0.9727
-1444280;1837328;0.4864;0.1695;0.0191;0.9728
-1461492;3893757;0.4865;0.1596;0.0405;0.9730
-1531638;4077162;0.4865;0.1193;0.0424;0.9730
-1489984;4059084;0.4868;0.1432;0.0422;0.9736
-1457979;3846547;0.4870;0.1616;0.0400;0.9739
-1561716;4533850;0.4870;0.1020;0.0471;0.9740
-1556931;4457143;0.4870;0.1047;0.0463;0.9741
-1556155;4424687;0.4870;0.1052;0.0460;0.9741
-1555547;4424687;0.4873;0.1055;0.0460;0.9746
-1530006;4069147;0.4873;0.1202;0.0423;0.9746
-1487565;3996339;0.4873;0.1446;0.0416;0.9746
-1552630;4305438;0.4874;0.1072;0.0448;0.9747
-1552849;4311077;0.4874;0.1071;0.0448;0.9748
-1455654;3788605;0.4874;0.1630;0.0394;0.9749
-1561026;4410697;0.4875;0.1024;0.0459;0.9750
-1538750;4299058;0.4875;0.1152;0.0447;0.9751
-1533367;4146322;0.4877;0.1183;0.0431;0.9754
-1559565;4325474;0.4878;0.1032;0.0450;0.9755
-1515549;3966248;0.4878;0.1285;0.0412;0.9757
-1502048;3855979;0.4879;0.1363;0.0401;0.9757
-1548420;4289564;0.4879;0.1096;0.0446;0.9758
-1525578;3957528;0.4879;0.1228;0.0412;0.9759
-1496993;3827538;0.4880;0.1392;0.0398;0.9760
-1497235;3810668;0.4881;0.1391;0.0396;0.9762
-1463031;3730973;0.4882;0.1587;0.0388;0.9765
-1551378;4091284;0.4884;0.1079;0.0425;0.9768
-1557908;4268620;0.4885;0.1042;0.0444;0.9769
-1548680;3977674;0.4885;0.1095;0.0414;0.9770
-1482611;3760345;0.4885;0.1475;0.0391;0.9771
-1548072;3977674;0.4887;0.1098;0.0414;0.9774
-1502861;3830065;0.4888;0.1358;0.0398;0.9776
-1481890;3730943;0.4890;0.1479;0.0388;0.9779
-1481514;3726382;0.4890;0.1481;0.0388;0.9779
-1521155;3782536;0.4892;0.1253;0.0393;0.9784
-1478571;3669872;0.4893;0.1498;0.0382;0.9786
-1530585;3782813;0.4894;0.1199;0.0393;0.9788
-1551261;3999005;0.4894;0.1080;0.0416;0.9789
-1553296;4041558;0.4895;0.1068;0.0420;0.9790
-1483541;3747501;0.4895;0.1469;0.0390;0.9790
-1478396;3666885;0.4895;0.1499;0.0381;0.9791
-1479073;3685528;0.4895;0.1495;0.0383;0.9791
-1483133;3699543;0.4896;0.1472;0.0385;0.9792
-1517442;3717463;0.4896;0.1274;0.0387;0.9793
-1526630;3768051;0.4897;0.1222;0.0392;0.9793
-1523625;3750934;0.4899;0.1239;0.0390;0.9797
-1551227;3943211;0.4899;0.1080;0.0410;0.9798
-1479620;3631482;0.4900;0.1492;0.0378;0.9800
-1515117;3659521;0.4901;0.1288;0.0381;0.9801
-1552239;3925559;0.4901;0.1074;0.0408;0.9802
-1506504;3636533;0.4902;0.1337;0.0378;0.9803
-1523804;3681905;0.4903;0.1238;0.0383;0.9806
-1554585;4046880;0.4903;0.1061;0.0421;0.9806
-1547702;3830520;0.4905;0.1100;0.0398;0.9809
-1554107;3993650;0.4905;0.1064;0.0415;0.9810
-1502991;3568472;0.4905;0.1358;0.0371;0.9811
-1503191;3565485;0.4905;0.1356;0.0371;0.9811
-1512208;3619716;0.4907;0.1305;0.0376;0.9813
-1522669;3620565;0.4907;0.1244;0.0376;0.9814
-1550582;3868705;0.4907;0.1084;0.0402;0.9815
-1548073;3790754;0.4908;0.1098;0.0394;0.9816
-1517997;3576465;0.4911;0.1271;0.0372;0.9821
-1529136;3659517;0.4911;0.1207;0.0381;0.9821
-1552951;3962757;0.4911;0.1070;0.0412;0.9822
-1530256;3672105;0.4913;0.1201;0.0382;0.9825
-1526422;3545221;0.4913;0.1223;0.0369;0.9825
-1534394;3632208;0.4913;0.1177;0.0378;0.9826
-1549226;3840800;0.4913;0.1092;0.0399;0.9827
-1517139;3490266;0.4915;0.1276;0.0363;0.9829
-1523897;3490266;0.4916;0.1237;0.0363;0.9832
-1551054;3905272;0.4917;0.1081;0.0406;0.9834
-1550854;3862989;0.4917;0.1082;0.0402;0.9834
-1545522;3775809;0.4919;0.1113;0.0393;0.9838
-1520384;3442807;0.4920;0.1258;0.0358;0.9839
-1545284;3647558;0.4920;0.1114;0.0379;0.9840
-1529355;3611794;0.4920;0.1206;0.0376;0.9840
-1546970;3735021;0.4921;0.1105;0.0388;0.9842
-1548088;3744851;0.4922;0.1098;0.0389;0.9844
-1547152;3715649;0.4924;0.1104;0.0386;0.9847
-1444621;2246055;0.4924;0.1693;0.0234;0.9847
-1544363;3621828;0.4924;0.1120;0.0377;0.9847
-1529945;3585114;0.4924;0.1203;0.0373;0.9849
-1517475;3382401;0.4925;0.1274;0.0352;0.9849
-1538509;3608642;0.4925;0.1153;0.0375;0.9850
-1546353;3707990;0.4926;0.1108;0.0386;0.9852
-1546231;3689919;0.4927;0.1109;0.0384;0.9854
-1546431;3687997;0.4927;0.1108;0.0384;0.9854
-1542038;3564951;0.4927;0.1133;0.0371;0.9854
-1448081;2549659;0.4927;0.1673;0.0265;0.9855
-1515637;3365029;0.4928;0.1285;0.0350;0.9855
-1542828;3588741;0.4928;0.1129;0.0373;0.9856
-1539735;3548226;0.4928;0.1146;0.0369;0.9857
-1542906;3563052;0.4929;0.1128;0.0371;0.9858
-1538203;3499928;0.4929;0.1155;0.0364;0.9858
-1446261;2384626;0.4929;0.1684;0.0248;0.9858
-1447333;2418831;0.4929;0.1678;0.0252;0.9858
-1541854;3541632;0.4931;0.1134;0.0368;0.9863
-1541063;3540294;0.4932;0.1139;0.0368;0.9864
-1540381;3508097;0.4932;0.1143;0.0365;0.9864
-1539393;3494992;0.4932;0.1148;0.0363;0.9864
-1526361;3466283;0.4933;0.1223;0.0360;0.9866
-1539852;3469909;0.4935;0.1146;0.0361;0.9870
-1537068;3437050;0.4935;0.1162;0.0357;0.9871
-1451651;2314667;0.4936;0.1653;0.0241;0.9872
-1523472;3433647;0.4936;0.1240;0.0357;0.9872
-1537676;3468692;0.4936;0.1158;0.0361;0.9872
-1524543;3427085;0.4938;0.1234;0.0356;0.9875
-1537701;3456162;0.4938;0.1158;0.0359;0.9875
-1517530;3419071;0.4939;0.1274;0.0356;0.9878
-1538034;3430712;0.4940;0.1156;0.0357;0.9879
-1519524;3411760;0.4940;0.1263;0.0355;0.9881
-1534800;3420204;0.4941;0.1175;0.0356;0.9882
-1536331;3413797;0.4941;0.1166;0.0355;0.9882
-1454613;2402434;0.4943;0.1636;0.0250;0.9885
-1455052;2462818;0.4944;0.1633;0.0256;0.9888
-1532960;3404131;0.4944;0.1185;0.0354;0.9888
-1532834;3381161;0.4946;0.1186;0.0352;0.9891
-1531805;3376189;0.4946;0.1192;0.0351;0.9891
-1516003;3355648;0.4946;0.1283;0.0349;0.9892
-1457121;2792243;0.4947;0.1621;0.0290;0.9893
-1458422;2354700;0.4947;0.1614;0.0245;0.9894
-1531863;3364933;0.4948;0.1192;0.0350;0.9897
-1462315;2515489;0.4955;0.1591;0.0262;0.9910
-1463027;2605934;0.4955;0.1587;0.0271;0.9911
-1460156;2425832;0.4957;0.1604;0.0252;0.9915
-1524783;3346942;0.4958;0.1232;0.0348;0.9917
-1463296;2636196;0.4959;0.1586;0.0274;0.9917
-1523519;3330849;0.4961;0.1240;0.0346;0.9923
-1503872;3324645;0.4964;0.1353;0.0346;0.9929
-1512745;3278331;0.4965;0.1301;0.0341;0.9930
-1510825;3269091;0.4967;0.1313;0.0340;0.9933
-1463757;2920496;0.4967;0.1583;0.0304;0.9935
-1464481;3205178;0.4971;0.1579;0.0333;0.9942
-1464314;3125629;0.4971;0.1580;0.0325;0.9942
-1464116;3099752;0.4971;0.1581;0.0322;0.9942
-1504239;3214398;0.4973;0.1350;0.0334;0.9946
-1501502;3146309;0.4976;0.1366;0.0327;0.9951
